-619503047
-625901777
1979160214
698209051
1341516965
-585733195
-888709701
1915901069
670017242
-407514998
1698635427
-1452093888
127442429
1333299300
460405424
-1037900343
-361159506
1453754082
1814607550
1946411705
1903276859
1810647792
93743157
1505216413
80367395
1492596382
157594793
1908497711
2095619934
-1499584853
555004169
-631650665
1953813914
-1963839883
-459730733
451447914
-1151008936
1236588225
1948163630
-1662635377
609705482
278529980
961183800
957040767
-2043045741
894683532
-1541873805
-333419295
1448524379
1929799347
-2020524585
994900575
971688332
77796426
1703107111
-544491737
1107811615
-191078350
1593496873
-1112213463
852560261
827455256
1505604858
501521735
-1884982707
636036484
-711897242
1428452920
2057419385
-901112602
1563501870
283720408
674331451
2006877694
724198859
1277992952
-937915656
876149248
-945254048
-953952434
-1930747146
-1686838282
-658038250
1597995323
1385465981
-1969338390
-1423671109
2059108065
1744762489
-2076962894
1535200836
-606464272
722284710
-206715261
-2027872544
-1741480364
188462184
1997442761
-1679033326
-1412245815
-1195005009
1200896706
1911835026
-1574703603
-727955402
1622665924
2003302578
1044184136
-2022421822
-1176525564
-256357150
1669431636
537473893
997570932
656722534
-1648940369
-132849099
-807876783
-1857489843
1753331170
-1333838260
-2139417242
-1427985245
-784479569
1961320890
-1923716656
-1463150697
-1401404647
-637500058
-1172251263
2104582341
-1084650575
-602665240
-853184220
183874070
-302161508
-346277564
-1059633695
37417312
989928235
1818879669
-99970297
1107414726
-2126387076
-966752384
-2026071748
-189414344
882029007
-2032578974
-436348556
-1839762847
1418887984
906554629
-1880718858
-1476070139
2011518159
-2070827445
-2029715421
812137568
-521186483
-1977532519
-574169044
418843661
-1846106856
801976294
538217314
-1248698721
-1190704684
-433774800
-1033301985
-1760317586
-921017611
-782803078
1785188415
1981092534
-1674082291
-997954556
643042596
-292599591
-1607734069
-205293084
-1991519761
1841957941
-711241845
294013903
-260762941
-484840353
1346265314
111751916
528311628
-1600213204
-319059565
-1420320086
-654286904
-1933002803
175911259
-443525127
-198887773
1103667944
-748368110
1156415337
2144106852
535368661
-2029378930
-1059718369
-107090915
-805848889
-372829605
-714929042
1048176130
256145924
625084874
-1884796730
-2031703277
-2054555639
-232044127
-1166752256
424742868
-470474609
1853819379
250283265
1903598250
-616724293
-284117258
1229336185
-2031795298
1727586713
-1712406646
-758968604
-380514903
982499009
1914108323
1006007146
506103213
1686380143
-1345635253
936272093
1305683381
-1456303809
778994408
-1317073211
-1577288331
2017151369
1884130699
-2075927098
-1190363780
1577731376
-21182927
-216686642
-742545155
2100133856
1325925474
-1101116564
-114434201
1236102480
-1004816724
-223741744
-1666338903
1429248146
-1953789851
11712239
873762761
726750046
-1614001629
-161172137
1829201251
-2104821692
772779284
-1857931852
-149767490
-667614089
-724130105
-581304327
1828461514
-749303517
-11712940
-2055524193
1344343293
-728139066
-2016906691
27622428
-1123397601
-2112772112
1718050644
-2095266100
-2059249585
1325947822
201309554
1846536679
1719679829
1745678946
-516368657
-1582446495
-1168511142
1041486360
-922793626
1319160851
-128397503
-611281170
-741998910
-88595107
1821041287
-1279947160
1925322748
-1872055962
1592076304
-47415371
-110363197
-1208416847
115441505
1336232249
-729784239
1381415619
911169190
-1564627052
1232726101
1220084030
-820120322
206017328
83534008
-1792623006
-1977227390
1559910731
1398318834
131198750
-1349388450
-1709096117
827630200
650901582
-451441622
-1221350536
-1696157659
-1167963173
-313572657
21895653
343991759
-1045930916
-2100497202
247313143
437158823
84403136
464715914
-349818157
-775291615
-2018565118
-1609480398
1396664717
1426681047
1707647100
149563628
447537073
191340982
2035889119
27085631
-843251840
819953189
-1596420204
-1004261350
-931137202
545845213
-1442714581
1457038826
-417966836
247458815
-1249537265
477845606
1303288422
-564593196
-2017443975
1012878907
-1120425656
-657173984
985784139
-804685946
-480297035
-800034996
970896089
984672877
1459776393
-850108573
-511970744
-2140387554
1376008264
-197801867
-1024251575
-170189043
-41546581
-1266332982
-519571589
1425897640
169166070
-647634142
1499798998
1433031832
1964180373
372057147
1959218697
615747079
-1670981054
-1308292253
-1107191949
-1194281524
-1769814577
-630490529
1359788284
-826856507
-214774577
-1170139293
-338341963
-399349100
2044643801
-1033391634
-1200307667
-1934834176
-1442615199
1814413155
-899415078
2063131414
-896654175
760724749
1851631784
1540944757
-1328858264
-1698136449
624500438
1510909124
136591390
-612861855
899919571
-1566158933
720683232
-679116600
-567159187
-1546147059
-46913887
-187023500
-553444925
2082017704
115291452
-37565108
-2049995586
-94679259
-104836695
615331029
-1956048099
-388757875
563366717
-1584262133
-825653555
-288120325
-13990059
1817250438
1098080165
-180982716
232556913
-1400081799
436176505
-1530924364
1305738894
-1280163178
-824942785
1605786482
1003067268
399736726
369891723
-1386301754
-337318548
-945985611
809330541
-784979396
1664894629
-1321323660
43848390
-797033632
-1644797992
-1174513929
-1096832500
-644860961
-443972945
-1970599763
263298606
-530190754
403636742
-750315292
552588106
-1949529950
-598679575
345926909
1854729465
-1759843710
-1801421310
1356588130
-1210993026
-1790495057
-395209121
-1216979346
1877584825
1409761457
-1593688997
-838389482
425847483
