1075436762
-246998815
-359457370
1601902843
-1754315774
-759245278
739451
1448802679
-1652816920
860443069
-1043696087
1042427157
1990207223
-1171266407
-515606423
-26258429
1271957146
407644881
835881331
-516515513
303703034
-30919042
-285851728
342640293
1427131239
-80123233
-1005630090
1147319711
1014922424
-1751328523
76487628
1722390705
-2042982565
-80007822
1722480343
56452044
-421124209
-1551180883
627532751
-1184230593
794153294
287726254
-577908738
-1894194374
2134354302
-1302352572
-945683260
-84819869
-1494170886
-406474467
-256722736
-2037023050
1867085074
652176243
-261233935
569598378
-882544635
-759741352
1277324434
864375268
-1985311635
-2103927119
-1357048483
-1275140486
-1797801292
-1783801516
-1370075653
-1549084261
-163757794
534962475
233636204
1930456657
349275984
1678261230
1657043179
38641950
58308875
1806527079
1260590743
-2068283565
1289793875
1874145068
-2023289879
2135823921
-1056864485
1157727929
-551340389
-42900900
-498808021
-1132442092
-1543663643
-1267191576
434613390
886087506
-29797554
-334569021
557295709
640274370
-366849050
-118787115
-223193021
-103628281
-1396767029
1539990236
1718257385
-677227464
454229856
-1433309601
1338250471
711898994
959320757
-2067500100
-1502045262
1736611921
743047196
91128653
-329210372
207031655
-1355207249
545526202
815690472
-69898420
779664546
663895828
-1134777621
734165230
2081040251
75394740
-575863921
-379493531
1894200431
-121214943
-491869096
685598922
854322708
-503770803
-1921248739
1421995554
-1466324006
-402419646
263881971
-1737716920
-1473838875
-931657644
997811481
-882164138
-915650167
-2089454576
-192375177
2119234504
455859261
-918851354
-1745560047
1309136668
-300700913
589323009
-1072993176
428046074
-1735296874
1866592037
659793921
611797199
-551349501
-971258904
679806855
1000460009
-462879407
1909703850
-360557592
-1904454203
-471374680
1610455046
-2041281113
-685831147
315690556
1143185967
-99779954
-401818452
-318075482
1928921539
292885724
-626457006
-1445159102
1011531801
289108761
1558557512
-289838802
708520282
-1839393261
-1748717653
-2105671003
-61733269
-1768047636
1915301303
1438931533
1148664924
-1493812723
954391673
178862531
1750762741
-194947719
-1068888358
1889301870
1093415291
632798640
1804352453
199564984
-827100232
-1295824379
1347381955
-989284481
1692164297
422687494
-1221593462
561443651
-1258045035
-54366952
1393523370
-1696030126
-290210881
-2016423105
1708450004
891077420
-831168034
1015000157
-1811442152
1998885051
-524859149
-607928888
-27442829
-1640625029
-947970440
499153753
16307334
84793853
572025529
1536269558
97953186
1766583443
-178597768
-229675051
135005152
1023545079
324475583
1908893311
631124619
1762164683
301586296
-634058316
1766637774
1367389095
-1520458381
-295072769
1905969354
-2082840502
-675099880
584456190
-228072470
-2098248425
-1151709797
-36763684
-889656809
-1286969209
1442464840
-166430940
1152957261
709005877
851479957
2113496112
-1683036802
1391526594
1528508140
-1474491692
-1155516187
1849993400
-1409907021
500825263
1580232022
690408647
1580353425
866704051
-1636650301
968724027
488196515
-1320125664
-1396966217
-1723036986
2103283752
-64095578
1510105750
1314024904
-361185869
-115431155
969727573
963090881
1422078045
688571833
-1535195237
975242380
2068650789
-815423044
-742282339
458014603
452053375
-1167928552
1768978180
1249456892
-1973060264
-1581956886
-986157595
-272217626
1815594156
1804985955
1169936119
1624943952
1497458941
706439314
-2060527991
1975370601
318403905
878625343
1330074353
1834351055
-327712767
-546279523
214215068
1344907404
1385930330
238929030
728353941
1673129351
1079249245
2012397223
402188014
-2029199252
692410596
-688601724
-87116707
-1473218261
-517513956
-589110313
1543454954
305771093
-760312836
1114066574
-1325408867
462226124
789333926
272762685
1613456927
1796291482
1712196186
-927243441
-78002816
810669057
147102032
-1470470906
1629849578
-1409794509
1745548798
-1332522516
-306083580
349897454
1225565951
1037208787
170187657
1195464820
-815224028
-154759381
870286885
-1508565501
2131266136
-282424389
1753056194
-764395294
49972591
-1111244491
1883311919
1296082027
1027151806
1510238455
2142258012
-160911274
416217980
1866657140
-404023339
-1750633416
-602795252
-1907409861
-1893812513
-1835659765
2129383032
1145644614
-175439042
342473610
-963320999
254022123
-873027951
1291443098
-2108202643
1385724899
-893383687
-1907161256
-1602862414
1347974528
715155059
-2072603216
-1004973914
1463671347
-112695376
-493764228
1820502508
1797702983
1109831033
159210988
-849927757
-2092050445
-47161600
1837342591
-287950290
45724853
508053228
-1578982236
-1240634258
152723295
-393312395
136198710
1471571772
-1336995186
-561407135
-1122310075
830613515
116807273
-592558715
1174713821
751403639
-1007040426
120868311
346743213
1636298938
-1202278861
334686100
1526594401
1692645401
-960234357
2029203135
-1147417411
1094003060
-1870739683
1105779193
-823412448
31546398
2105307135
-895330057
-1805559383
-725601182
-625500644
148583376
1648662420
-1039010298
-416217654
1438337099
1251320966
-1032030192
-2124854670
-331575433
1780855451
905924854
-185340353
377488818
1209272958
-963624590
-1945383652
613705093
-214685015
999788013
-1108239487
880851269
-1916117817
-1354249136
-1462776423
-1001073114
-1980143416
249499106
553262766
-222858288
-588697836
66501448
1659685205
-1558534544
-857710618
-634694407
1759770605
892654938
-1043229172
-1177317453
-465851572
-259461937
2067498532
-1539452482
-883820048
