702967778
1059964440
1323097834
-51566450
1047285684
1765180686
-260757972
-1319633210
-731413243
1126983079
-255446298
-772571151
1884020643
-878537271
-355618680
-1243699335
1335839700
-2127015307
-1216253411
-518500742
-1052685582
-1725301418
-302607782
-612783971
-1915234474
823281367
-1225621189
-227041655
-1829630867
1931515518
1114200159
-304432639
623690596
-261678505
-1050623932
166471383
-1824546242
484191956
694854055
-275686762
792945626
749412680
-583566224
-295660691
-154499772
230548317
156600725
821905558
1195092253
-40229682
-268236541
2062763
-693429072
-934272964
-2026031434
1559477447
-1219459057
-1773511635
-951811948
-500736681
-424803708
-1894638663
-1750021603
-359780674
-1742773139
695124912
-424543685
2078821016
1685308582
1808120339
-1109507541
841324482
1863131995
76617985
1446329489
652640151
777616878
1156951356
932789448
403336829
1627689167
554576325
-984236698
-2529560
-997076340
1910384234
82786111
230918295
-1802373301
-877747847
1978410709
123620395
1551122908
1827786264
-1100759527
-420954696
1380309341
1547841235
11285165
-2066858439
-446723226
814178507
-1376324939
44533170
161956709
1441863016
697262344
-257928108
938029174
335725969
1673092828
-1400313440
1413746986
1990977561
-2123369108
882451336
592781449
-2043600268
-1800506510
859646173
487509600
1883714846
1567444850
22231
-834981211
-800940136
727028049
2065553596
760420980
346758946
1512873500
-1449500400
-1564061989
-620162427
700074890
-86363686
-2081460029
49528883
244029371
367634694
-240382634
-1095484611
-886355209
-940508204
-1334846204
-1980809048
762753470
1582562886
1754504940
1048985551
1563137315
576284568
-407219929
273794821
-1830606161
-249359998
1449060154
1157064912
1411241759
-1466342593
-1733282246
276655555
-1767736727
-1773702361
1874374848
111060962
-676144675
-1613199201
1136475231
1202262877
3936117
-91769436
-22849813
-1285117330
-1781500644
-52206722
1127408296
2114647377
-2001580262
1932805019
692789607
-111740523
46589615
648873014
-1198375103
-325093481
-66149135
-1379560949
-1239252240
-725825058
1191574734
-1456639473
-1157608325
-737746443
-128060666
-876879692
-1911830154
-1072653727
-923478321
1117917078
-1799151460
-686921303
-697239445
-297197211
-1104198082
-247241791
1842885395
-2030964190
519688764
-141671036
-979929650
1436882974
1321020294
-1089624274
-1387248128
-1941600434
-607944148
-600063040
-1578982218
-451047070
2136851801
660462881
-188942955
-263836013
-686026706
-628373248
-1948157834
741953550
2071295053
-672617051
-1138572670
-835335824
1325784188
-2063050930
970036172
1362080454
-887312206
630076196
-905994461
1703331382
229134779
-1264982585
19305410
-1449099789
1121432574
825285910
-274847219
-721217124
2447954
-323734062
1720119218
-702471639
-782305060
37513574
2027049226
85835934
-164863987
1138863050
-22347774
-1071181558
910543444
-2090286883
190228939
-1408839076
1827486821
1481204795
1967020605
17923009
-1384389452
-390271730
266435285
-1145022213
2126571888
1867388242
1979010199
1468536567
-1663973363
-934349266
988367953
-421288503
941709808
-833955685
-2042779874
2091090178
465216147
-707194652
-102393312
1034963537
-299742847
-1810414437
-864061547
1183549307
-221678800
-1647454418
113104383
-507384035
-944848288
-1441609525
2101216233
-341249002
-1430368716
281867650
-805895861
962464743
1835270250
1556000311
620684006
1311308025
1796096727
347411043
170861331
-99748970
-1332048608
-1974024968
500301529
1984097733
-744524454
-1362756497
1868238214
1693747496
-1385001679
1788518950
278639225
1462969075
1341376201
-124475579
403088111
-723971789
823763283
-871907435
-434663394
-366115943
1969040742
775396694
981178548
-1348497682
-307930228
-1783410656
476488922
-1569348777
-1476724718
345776354
-1735205835
1619330866
1675490978
-655919299
1014040622
-215148044
-1219798701
329914027
-464719346
1217668728
-1482364517
1020017412
-780373912
2048625780
-1655963170
-405196857
1620258610
-853506717
-980196942
1219126823
339385509
-909854454
-318455976
1200577236
-1045632416
110897136
928320870
690530096
1865608401
-833018197
315008479
2080087869
1774477546
-120153974
615262805
-233917733
-2025524081
1755817152
-484890202
-859632354
-426034364
1427598700
-1262898383
-1473873098
174327059
319924823
-750574402
905456853
208961717
977946063
-1750374745
445766832
-1108857250
-1666630898
-1526653279
-723772273
758713906
977117721
-1781456261
37238458
1704662978
-2039516286
-1538936310
-1473143686
407086795
-18889459
-843972776
-289694366
950447349
920431571
818391072
-340144071
-257330470
-1251050574
234705591
1327618667
750270946
-564398450
-2016308930
853756524
1587110442
-1129111903
-50821697
-751590526
-593073738
1204214109
1596153865
-1432630720
-691291866
813451420
2025788124
1014186837
1497885386
-83695698
2122089850
-1063698487
-2079058152
1133821664
-1831341442
-757033068
-113558051
-1269835625
-1680413880
693206850
-1783903964
1242725413
-1095353809
2132501500
-691696140
2019299742
938960389
252802474
1420976304
-1231313966
-718020233
2087815196
-1442798769
-1174388959
-1690253026
1762529836
-948348310
-1231753494
-1122504844
-1864038567
314259282
541923725
-1023450233
-1418096308
1148399847
1579046885
-2100518282
1061956540
-493098300
1226367113
-235892964
1844445334
-43042309
-1845459662
-1113263830
-1191669307
906658667
1299311511
-1490876296
161827568
1610443496
2106810076
1440967139
1386543745
1665707890
2013982797
-278355223
1957555425
358133952
1518306692
2065892752
1146094931
-270315161
1897455779
1871042220
