87010095
-616204686
1767768375
-1306630801
-722825708
1257222031
1196604828
-534364274
-1821018757
-429329984
251272532
1020111261
-407599692
-1009278370
-316677766
793100932
-506425908
1001502571
-1280656874
-672647646
1521552489
-1414327044
-683189420
-1989723156
-157285145
-1756645076
-1408424341
-685178179
243638758
1877578732
1860889221
-1064264917
-1430757851
373803377
1730097574
1182042094
-147124190
1563627162
1642115556
-496286326
-2092516005
-1479184627
369627450
-1388553355
-1151476110
-743075754
341664776
2065763614
14617511
987223498
1555836581
2086451019
1080031131
664956959
-17438760
740272087
735983216
-563182906
-1099952147
1682271523
-888480600
710736226
1107832881
-1731677422
-1297648583
-283163543
1212123431
998277418
1799270725
-508522757
-887274171
721299300
-202233960
-1122614215
-1108319109
-1371875920
-1848115203
-1607138100
715323860
1599972538
7615776
1556167954
-2055034833
1660207917
1405671258
-1012849196
-1506134834
1188290144
1470779219
-1892284373
-1501569081
-850041148
-376931152
202483283
1795711890
1333494679
2085109635
1592013410
-286020933
802323145
-1580586161
-733855274
1511653169
-514750595
1184115625
-831341927
2136355385
-984467305
-1150811252
-848840850
791370101
177784662
1288219135
-2026760199
577144675
1511005267
980662289
-418570697
-862961696
-1033025224
-1713656036
-752801440
-140692172
1436459638
-141590821
400507351
1031290546
-540281967
752169977
-953787229
-426885411
-1053235229
982455329
-1458699628
-1936141485
-442488373
651892980
1402136917
280615194
-1432932390
265804164
-1704206990
-1588380815
-917245313
-845315348
-1924822386
86294094
1394128852
567015786
1706433800
-2020027318
1856678435
-2088151212
1134137131
-2024240113
275699707
-1368469545
-923788104
-1395979579
318659026
-666904802
1515993198
-786618598
1653298530
-1779917036
-981173620
-720498023
-94206979
-65174245
-322038671
1681846401
319255045
1862856955
1894997838
-495421094
770620054
-436925535
1730669973
1686381624
-1759102649
1496433278
1903875585
1600498208
-854624228
1327992230
266847
-303297699
-455902679
-431039033
555954165
-928369524
-1081061549
-1587010937
1827684305
-1506903454
2101566405
2027866377
1524987283
-973046173
1944509692
651208964
296730991
-806845829
-979518320
823770415
-598092453
-235503875
-901799782
-878737266
2019384346
1456826448
156763633
-1751502843
-1356375988
1956473089
-1968595262
-535842840
-1509416757
411855725
1063462892
-41600526
187783048
385076847
-2033309905
1610149086
1605875655
-1962216611
-227857906
-1566375955
1105592009
337824359
-1234102494
1847588600
1087080639
1815349697
524759949
457291426
511772501
-1699411834
-2016638838
-2085312649
1775214752
755512158
575175152
1468025843
-601638179
2007753856
1607963741
644598135
-418583014
-1187095489
698544739
-1542497301
691673985
-1078717739
1812944946
-2085633887
-234803171
1075317946
-1785626400
-1810262242
-18669285
1909400273
-413194887
-526068940
398296229
-1324917116
-265720391
1645827767
1790521076
-1384320732
1231808204
2073136618
-762490855
1539711167
1462708280
2069040349
-1114462178
2048496764
-537714917
921934819
640043926
-568821742
-1132469471
-764780267
1130339747
1213971417
696925249
320401863
1654814687
-1912507447
-263363454
-340326937
1555974073
784146885
-1660290246
-948792221
226115876
1262092914
1574828560
-254045317
1153492049
345319874
1766198406
-1012307203
-302665501
-613552603
-96693907
-838861753
511776130
1201050814
1425535178
-1473545298
76005476
2083606645
-347212120
2108347820
-1805030644
-385085374
-170012764
709548900
-1546123773
2076807212
2054513478
2269893
214431629
-899345995
655756741
-717851170
751728177
-1971201143
1991950921
-589339452
604494923
-1052681550
-951430360
2071197067
848173634
-1777418984
-1065062153
907219638
-134910648
-2086936847
1075219275
-865409782
504995327
-578041775
-590073087
1546775120
932639058
-1675338973
-1364485627
-140973240
-443188688
1102698003
-646135187
-164015196
342239503
1362470722
-909854219
-508765518
-1413380656
2079834153
1255953593
60764775
1063284711
957775790
1744908320
-1460242729
1155936027
1405674573
-910268853
865529102
-1735521145
-914655645
1733265197
-701104739
-251696288
-1598350132
-2113901983
1162023180
564577091
388815769
-764380423
1971709012
-654894488
1813344314
-1754522637
740839351
-11656246
-1507279443
466416176
1159312824
-2083958641
-2052786190
-1504015576
-2011836921
1224017779
1486454338
410057254
-863645184
-702002744
1742879823
668697292
261173391
-926416533
1316396732
1805573654
-1779516811
-446344831
902822256
1684808131
-1847720247
-289157009
1273157691
-2091189352
670990881
1601137681
-1146687856
2135041246
1047720857
-2137675958
1655740869
88298801
-1344653416
-1925685543
1239680435
-388970421
-2123151253
1181252638
1351997462
-1887062996
-681999984
1834038669
677254876
1702584492
-860819500
-1841328066
-1684697598
-1409861392
-1110845158
-1696062088
-1061416537
-1725461081
1047698959
507460797
432420860
-287807663
1849846256
673817293
1564332609
-638442858
-287861579
-279137950
1574659228
70066387
2069694188
-2111191502
-551158882
20047217
-1937677909
-44366543
252034859
606552759
-632201287
-1482123341
499452808
-741552770
227284282
642906878
233564163
1595062856
906614008
1517292089
-1799148159
-244027152
-1198039575
1705181786
1947911978
-1120313731
-2016664440
1000665710
1199851496
598551884
654764283
2009141696
-1819642183
1354798068
-773162197
569139808
-250912687
-1292705714
-1849401536
-1177958095
526681648
-1228079283
1530747979
-522063472
-245127154
1314445297
852938828
