-1781107368
1686426056
1434211497
1462711426
1882885796
-1446033249
1068923451
1578082462
2047873810
1628505657
-1084421013
524608239
1443359298
-108648683
270671503
456597434
2007507858
1537509865
-1535426126
-447095146
476884054
-2021813734
1407116558
200915686
717947323
1683600660
703060855
410935349
-1563553970
-1273867824
-1487417195
440971527
-665058772
-1269194459
1847779573
865774235
-1128236841
-652185547
-542919670
1391493619
543749404
646260022
1552848932
-1652764992
-1507444062
-863190463
29592316
402195752
-1954636851
-1590400674
1982625399
-396590773
-1750914197
1023512156
1143527913
1141488562
-1298756298
1046143850
1080591538
-1740845727
1793177531
-922607765
-1006599741
395225564
-213011578
1216287825
-771857547
-495884909
-1804658704
-30918142
-1608681621
400067739
-235985066
-758885347
861092995
-1411996543
-1866037764
611092103
2093773550
73612420
-1500491627
1117023822
-1624100645
-648785027
1784754728
-657577413
1769849171
1492436208
300020110
-2013302866
-1273161103
-2004577078
559342918
1378422016
-1058500119
-650765942
-498833574
-1300613677
-1331852601
2136343908
-828912363
1008308561
589209767
1928748924
-556015275
1751833960
1475530276
-1636535061
627709762
-1016001681
847390184
-2022529390
-1342720916
1887357791
-735458186
-1707571144
-1174619775
556270871
804073543
314810865
298791379
1083448136
1657620571
-247893444
-680415261
-1021894813
-330538340
-1883425357
1439978684
-783161752
96852777
-1166692029
-1451370789
-209565324
897905582
1314895104
1579489887
-1244994191
-1872938756
-1302751052
-1327547275
-2031330722
-1924285679
-1319529755
-364358912
1907706409
1849017378
-998558212
-1610061644
-349684151
-1091319790
420425632
228891986
2054604843
-105074867
1435503064
120400946
-1026930626
329771687
-1883087992
-179445349
2068106309
-363959457
677547736
1882880986
-794832388
2157501
1061340896
687924050
-213884863
-1145142564
1863035037
1876919215
985955385
2030139279
1668241805
-1047377996
1885882177
1408346627
-753590379
-765695558
370887853
362344788
416450033
-842711337
2042096324
-2085498824
-474720086
351117691
-700600869
-161561528
474433585
-458818005
-590310214
-1298805737
-1309018666
-1504704245
142040286
949780703
619108500
226015783
-977787178
1276050234
1161785920
1304138574
832170153
-1622896317
728436786
-2089135896
800461196
-1028746905
1761468321
389933876
-2051335842
1863148297
1262613586
1550653839
1118510780
388158865
33193089
-2141977366
-1531777930
-1620550870
-852250903
1770539022
841524268
-1554498097
-744104380
2083560590
-322229435
-1914366957
96490167
-989220960
-1907268032
-133947226
89378669
1765346541
-635778206
-1511387672
-297756455
1647174422
1182171862
-1444866248
1418114594
-1548104311
-1824610677
-1713013030
-1639706206
-598691229
471805914
1621432348
-1586984853
1564086403
-1481690057
1727837787
-1447788239
-847556301
1398225678
-1280517991
-2041387822
890776250
107540508
2045963156
1196717792
-962310317
1412070199
158814918
1005155867
-1333309373
-1228137826
-1941155974
769247042
1793077264
-706578965
-2021881838
-1276215158
2136284320
1486791666
-923532757
-1869308612
-1967903699
897348344
1113274906
-257878428
1441973722
745310524
-1714985632
1189019199
-307488744
2144037569
-178832694
529637968
-1670797199
383585056
-1662955668
-184223866
-1275062985
-590016187
-2026299386
1960179561
-1692225761
-811213442
-1309125575
-588571825
513654162
-569888568
48178071
-1522656562
-8766670
1893854068
-933573595
1090731622
881115647
241196274
570145775
-950723885
-1513336817
-774648818
-1813254809
1199630370
1794924115
1102262240
-1790599536
-327586174
-1054772710
-1446231139
-1942949647
281404
-742282011
768099454
1391026149
-1282016543
1790802075
735096251
-1452800348
1393002266
-1411601407
-1188601725
801921144
-125389697
1854897090
-329834312
878047179
1134714589
1672741620
481959873
1523015285
1637735687
484734697
-1926564247
1086644537
621585564
657692689
2112274978
2042017500
1490893389
-1844811934
946884933
-402166061
285370304
2114232674
-1668772295
1426316239
1197991829
-450940010
310273840
-2089716287
-2095201888
-1713327629
1821838552
1886869581
1275554216
1760640929
1953357054
1904067766
-1196067298
-1258892944
1933329557
-546525648
-1368909897
524858002
1530264150
2062434127
1398388486
-412479304
-596983876
931424156
-40875526
-34688106
1127342760
-1021717593
2089277869
213333595
1326164336
-286895019
74139556
-848750449
1108308473
-1045044040
-581373157
-2086913338
-566755958
280878728
-2121285679
-2088125000
851749063
-1729480851
1044911238
-1901736102
-485355382
1828397755
-182023069
806991378
766085854
1946001956
-1268886929
-1677956212
-168085643
1211682646
-899983633
1746343357
1960448763
-1186184733
332996030
-770369399
936650593
1419096692
905330572
802903065
128724835
1008474199
-453773508
1509230511
702153210
-911311572
421195221
303708837
1045927997
391764292
-348392970
1255520092
-1577116386
901442111
-398014810
-1087080072
-2023613203
1037551383
-1289957993
-2005196421
541471660
1434002548
-536445831
418142582
1630725812
1660138230
1238264818
-666077125
-1056956412
-1898021970
1035388929
2111395522
545201563
-1554433174
1586462363
-867552765
-1165036752
-178598929
-1765924796
-923281581
-1578379021
-23279938
606514971
1800981605
-1711881896
-1930790029
858928578
-606259535
-24758133
-1697153658
2041552486
-1270244633
1798576868
-1252419251
-1806861324
638494169
-1874361638
472776081
-1339282973
-1509999388
-712919703
873537455
183661344
755430071
-2081366070
212689048
710407087
-970976764
934095793
1974976783
-1976915427
1121519434
1362711998
1095710485
79004411
-276795618
441882531
303777566
1103308515
-1432446064
-1352632898
64823265
-1518417640
-1245735705
35235343
-1747950212
1262460782
593533009
-883836954
-1360687120
-438933330
-1702522110
1393371576
-937997183
-1137742181
638132656
-1059187584
504683303
-265294709
1365492882
-331181996
-2069322446
-1264213544
-1756021209
-538856582
-1084089915
1493923790
-1822237639
1627341907
-1301212944
-631235776
2104747389
1167753653
-2133877556
812801549
-1397125547
112494480
1013889339
-1141150858
-644233000
2044863439
872970571
-1249770569
-920398643
1187309082
-250854954
-1779083986
-378584534
-2071238833
-1231545206
1862975452
1536972802
1666455674
-448388847
-1959048518
-87215511
1834723248
-1521751536
-1902305958
-1456344631
-585919526
1681787194
-2102654092
-1451336566
-1030497591
-304183379
857922147
21538593
596032468
-1170787768
-1301896162
999370079
263570705
742372773
-144435009
1393238568
837492777
1862021508
2091566031
1863445520
-1244025216
1036811048
796569392
-1458484766
221045181
1723662975
-793746432
-1789427054
-995630378
-26823475
-663009679
-923622153
381020503
-866659973
-1412100636
2078930096
1990102346
-1791045415
1954245151
100204348
-659574976
-1800677138
-1351650577
47375991
-218818832
209861742
1617409899
64285508
-157639941
-1930767437
-1758261898
-1666983746
952679426
-214416396
1299978621
-355716137
-1298660506
-526239788
1109447729
-703805029
-97795674
1321014738
-393476961
274535789
1816368195
469243714
1362058370
179191582
1599377454
-1933117587
1323301559
1099247415
-30480298
606043510
-1678184993
-1104026831
1852476032
-1649004134
-348368538
678362202
-2135412412
1750482529
497128585
276837396
300147735
-917631430
-794085998
-1093720201
-1769448408
947703413
-1811696782
382206328
-1301257255
-1620910406
-688066655
-1031592060
911871241
1089026431
-1379114399
1336214870
1674017262
754996366
523073751
596557767
-192288442
-178455750
1345711470
-778887642
-810998783
334756605
905049247
-1061648271
-193877328
787800988
1832092203
969747959
2099859388
-636093063
-140669501
-1627078215
2056816629
836137195
-1003456033
393718667
5302526
2010527864
-804494802
1821648206
-310027901
1938892241
480392494
266470969
561007731
991213511
449200632
2062455633
1079856117
1154619282
1924884260
-2142703637
441904441
288612502
1055448025
-1925892130
-1545019144
-1240241560
1497752959
1310044322
-1102054093
1666604104
2029579841
-988460114
494205868
2000366326
843370904
1484074319
-924484074
2137889446
456231627
1054739614
-1112528871
997515106
-1420595019
92675335
-51667763
2146947316
-2023971067
1812758478
-2086267807
-1168227803
-2127930751
-97261815
1366736211
1212737957
1837506441
-1411809944
2041802065
1824870552
-1176193546
-264375326
-493716475
1129082285
1707561767
-1409543925
167371800
-1017444328
-431331904
-740162332
-1621548367
-642672292
-1132805135
-1271407512
657107411
-1891983331
1502370117
-950941743
1580222266
83398504
-1645621988
-2093858010
-1284561869
605083383
508132601
743075797
332245288
-646129260
-970459033
-1276577586
-1701895841
1477214991
-166042167
1884196452
253177294
1407558443
-710661823
-111958483
209832851
-1084634006
-1784615019
-2103715124
2080458264
1643565414
-814367289
712683118
-1146185960
609722057
548976836
308995155
-793993040
964974951
-2012807240
-96799100
1620977375
2001946753
1595840924
1644800725
-246991915
-187925151
-936163177
-817297626
610690355
2000764013
2099986329
-1627447360
-643129175
200223403
-86476676
-910399178
-376667616
-1741016360
-1830495464
1864927943
135759992
989189609
88273631
1888630858
-1986715182
-961326182
-861826629
-598000229
-274734725
-2035604684
1279571065
121781573
-1839042938
238408620
838888469
226947027
-1391868349
-2086545128
2092072653
-418675328
-713306154
1067314107
-1538903898
1875049113
894098297
1641891033
-1615913290
-1577694341
605472914
607245834
554320632
-1610579704
-1351539923
439096752
2004765687
-842010107
-1730646685
-1587263977
1136384093
35095270
-877591812
902033749
1220976217
-1334887777
-366699837
-447458322
-1501213663
-1540118707
142555228
-1064018476
830159110
-1007357083
-655189437
-203303974
1532468244
1309997999
1406702862
937924181
1308556429
-588853927
356649993
-826546942
-610105130
-154454161
-954283567
1285321762
43745328
174656308
-1972650591
-550559198
-1897774120
-1883489561
-1248992843
1728788924
-807501763
-1210432726
972681068
1391711224
-1001603678
-294429722
171403047
167487681
777717613
-594345015
1280026123
1192630208
1114798465
893909733
-1131548508
-1408629607
956313233
1794166192
-1729656599
-35682314
-227920339
-3919276
-1359544024
-98863363
-1791730142
-1213426169
-176566667
-1232473951
-419904944
-93648159
-935151758
-1207826175
-553718478
886814361
2006069080
-2061133812
282648235
-2042078215
-1913854007
758834333
-733153473
-2028996186
-417223328
1151534021
-1098309659
-2100366961
-1788862470
126471582
-552091131
-2066144408
1826185605
1321138884
1743217615
-592879650
494075476
1338937578
-286685869
-1797628357
-1546485518
1782232908
147954011
85263393
-1032048671
1127406531
1762038996
1182101084
742197246
358782537
618745422
1349056434
-422451489
-523572238
-1839559915
-1671899544
-1615450311
-1361769552
-1219158314
522190345
-1391802
-630367324
1602858047
1298086353
-1960517981
-1229585667
1152270743
-1565695710
-720628244
-56217545
-560629252
-1102436895
-884178174
-148923703
1650052913
-850248510
1901924928
-777208536
-1048729691
-1398292362
1692457752
-846935743
1996014073
1416621349
-1549491634
-42144176
-925738831
536529096
-92543948
