147680202
1190522627
1040638556
660032970
794522055
-1846242285
1541443199
-107794902
603198538
-576274564
1724221803
1351745357
-457010327
-663764758
-1828858137
242615342
-1005217935
-1024353587
-1819826679
222246896
1108397193
362884525
-1794229293
2108685313
765821787
791219619
28673362
23024625
-773224653
1438144765
1744587722
-1667992929
-208155168
-1669343359
-1785134291
1823379301
1276004533
700266803
1656396429
2047652431
-26903603
1785361475
1126133501
579978323
-1775934177
749231115
-1907280302
1696520811
885630718
-1821114302
-2100003840
123093755
1420668179
201319850
371358698
294762352
-2132845130
882512082
-1698040467
120917301
1538446175
926484190
-1080557199
-1407803414
-2050594728
-1365975758
855923963
-166769454
1802594885
-1748620146
2052253810
156448097
71298358
-635283676
-690253405
-744231518
1114382009
10761770
-393163785
-2019649076
2105921502
-1957047231
441581584
-1862907494
-27945553
-2076578136
-1218362324
15350014
-1537297645
691655494
-1648317494
2028575075
1809192553
303485452
-1107409189
-58845280
621074341
24679914
-657694943
403533174
-977180643
-286606151
2042424958
-865990686
1877013181
-990157647
995688501
1064589532
1443266917
766651791
-1591821550
24074874
151180238
-1047776998
1198821155
1079216238
578365107
662668438
-2144433667
1388700675
1239173914
-1789104128
1256949157
676050973
-2029224375
707330962
-942610133
-2009034980
1485254121
-1500068947
1033971727
-1359865917
-1353736999
-672059465
-566300184
1755410379
2001090809
-1537399634
-1039007422
233779903
1605367114
-584219549
1367748317
1609177241
-1275441798
-1553833739
-1948219271
1155010754
552642170
-1994898435
-960114850
1184145918
616526381
-250687885
-1383221806
838463040
-1898357320
-727020648
-1523115367
1720195981
-39752665
-277580348
547920178
-670566156
-2137819996
1161795249
1553301626
-897253877
391101103
-295693632
1270400638
800583176
1267626388
991699158
303597728
-2102335008
804898062
323871565
836346902
8767708
670054641
-414858028
-286646447
1386411672
398062397
1372156788
-1559578133
-1692631942
904425838
1427352828
1028335971
-1099493356
-354298300
-991725946
1894180327
2045462537
518193611
1751216356
908361866
-1971706685
1562731140
27191498
-428418354
-906281956
-1424268567
-1636256695
-497511417
-225650840
251831689
-1528901623
-1105613592
-364267910
-1953905976
-128159438
-490989616
371886247
1644664429
-630061419
-57821844
1711450765
1156727373
1292495944
112500274
1292943031
-241646485
1488662407
23222947
174271874
832770625
939986887
1274471769
2018165766
-1728210059
1407556867
-1362539318
-1899970357
-73629391
1467435020
1907051029
-804398959
883797124
837279661
-1394959653
2058356374
87963555
1839369382
1033274602
-1781232243
1824426438
1458246160
-924905131
191276701
-928840111
1124170234
-1135247938
-1064152772
832743661
1401868760
755949732
191797480
-675927934
-392010813
-447481498
-373023161
1586911780
-807827241
1675335909
117880154
252864425
-946595946
560380580
-1100068045
1754061436
-1174846896
-1811679241
-1982030000
773208913
1252445151
-1443565958
-1913440662
1853940081
2146014394
224993261
1063732738
-157609137
2128032408
91323573
-1760676431
-228639322
1212560334
-1008904729
-1808103121
-17223038
-130030406
572256465
1297653223
1075849651
1582474834
-319550869
-524868827
-656706079
367744079
-1827467452
1553420416
2086689533
-1917853507
-65109171
1979766015
104633658
-1242784285
590749642
1395135655
1273045970
-1088806569
990131390
-1274892163
-2102389473
1656524302
182741621
-2098842836
-1504712100
1797050389
1600927254
781439780
-938060408
107544880
-1985499653
289668658
-80890038
-1466071115
-830234633
-3431252
-76377919
-569431781
626875685
-1202063464
-2145759144
1231242203
-1190237127
-918018258
-1866779516
1203905217
-487882632
2096651068
-1315676038
-1478346561
1699113588
1428239091
1941773922
-1785472933
-286122301
-392110334
-1673668395
-1074488073
1620153213
-210026460
-1582402539
710570594
-753875944
-1831036112
172513287
-876386791
-1681376050
1657582922
-1663640668
141486886
-1223383472
655601899
1807245507
-2110829478
982883260
897557854
516040965
-786465980
-1209043098
821185278
2045186609
606655404
-1175481397
-1506982723
444510707
-466248534
1732189093
57016504
-1678410181
-1165301359
-2052435014
2108600831
1477458419
-207505535
721003242
-1210139190
-289668110
1647383239
-264573500
583642206
330590847
-1740816282
1684715736
-90108945
-1276534230
343244608
1982130644
-566802777
1012909743
1240163922
-412418508
-147208150
1488324060
-1530575147
-344039664
1775963558
1367519940
-1578619849
-2133060091
-473508287
-1022983863
-1724879286
362219763
-1642156512
-2041078129
-460886024
-788363470
-1039535617
-1059023032
-900807098
-1672309878
1622881051
-1583532251
503947920
-1866672987
136950183
1880854045
-1516036204
-103132930
-1934499229
-1437441093
-1495163474
-41525618
-1460122397
1596433979
-195706049
-1178157925
-590057140
-399588558
162133717
-1272284358
1981284090
-1553791861
1357814321
-928430114
-752699027
-1902708719
-1060179882
1183075776
-1770786315
-1903126781
2006418962
2128071633
-2126762177
-871984553
1860683038
1392944449
1442758481
1739778940
-2103941920
-536817060
-486875956
1955812240
-1568850076
725414214
1270852523
-1446983785
1514295439
77219824
524797645
-342188784
-15084848
-1305551768
-1301470759
-1522119647
-843019210
-2109953787
337947021
852636090
-506267147
2039771928
-1889237766
-1617272306
658499335
889614897
526571625
-1619060626
1394458759
451697148
-1818682918
-224205470
-752313857
-1022542997
-1811592936
-943551553
