1703212577
-1050810087
-239961884
-928737780
1968987033
-863269438
1528000183
-765301552
1826355925
679407232
-128066562
486539127
-1802983801
-2101147453
1573693681
-1270814675
-485977882
1241878909
485592850
1764693971
-1955210597
1428343393
-461147766
-1706827860
1627108914
21910054
936025190
543575525
-769070311
684493428
-188405227
921022301
-647073645
588116467
1915867217
-1084915461
-1716243080
-850703178
-295078568
214539417
-480353949
613708506
-346817681
-1713771038
1161224877
-1606288473
869283269
-281890827
1988011602
-217758807
-1629032332
1069643397
2014202275
-1019599305
-233933910
-1782426338
-1644044867
-322617212
-473132254
-1991308207
-1711627475
-1983194702
338913203
1051728520
-767727243
1764382156
1946563638
1754597881
-553965361
2081351819
29268170
-559609462
-1272151412
-1639137200
1099281549
1925577684
-331111749
368079423
-1517825360
-1467711966
-807072543
184200727
1285390435
-81947416
898480665
1951780969
2140609728
-1517244273
1116196050
-84002277
1175760200
-1683001159
-1361868992
675667532
-1988472445
137743439
-661625740
-37902002
1618768259
-644594223
-172243825
1842649954
-717516409
1861413388
-1562915690
-1403970930
-1044597264
1408990817
-49765614
1013459782
191900319
3118997
775710895
-639612300
-2036002862
305886368
2016101437
-1230387706
1841018967
522719266
1183906983
674295320
-1411537027
577494568
374146948
-1342070764
933954199
2057495252
-1851944949
1596621236
772406064
-855681461
-1013563731
2029802480
-845045707
181285073
-2097763969
-570401681
1454475697
-1103842201
1730828092
-1562616447
233136009
762353820
1417139179
-1092433722
-476335477
-1708590519
1352461103
-1481443418
1749070962
-342040995
-1446356454
-1208340934
-1112680099
681652876
-259096021
-549669434
-633916823
-1245848869
1447726749
1704608467
-765945042
1286709936
-1378924251
-1568600688
609255638
-1222160973
-1171290773
-622434922
773376228
-1343014821
-1577873827
-2136332913
-1826202106
1154151243
-1637427568
1801754959
-1122157825
32275296
949444061
-606717094
1481046664
-614205060
-1708677866
-1889248356
-1585438945
1366821810
-2001771758
1821706363
64349909
196897170
1777044213
219478217
-950639847
1458275864
-2044966920
1675751037
-1545736184
1217316872
-1703274117
668707132
973784333
-674520724
1867451214
1179921936
80865474
-1829599036
1479368458
-1699304045
1720220602
-1073743415
903415758
2095117916
-76507690
-119115470
1906270975
-2045198323
1162954076
1619768452
-920858964
-114443643
-867992650
1044140734
-441988898
-1593391788
1769678387
-1835326446
-2071081898
-2016790362
-1451571774
1675173796
592372516
-201743808
-27539398
1639305777
-1589410773
-1717345347
1805469515
-90992169
1291602901
325237010
670681055
1600611407
-1385818067
-83628566
1429903660
-906160987
-1435663350
90493061
-1114848992
581767633
-2034271201
-2147068702
-1695273753
-1081706328
-1165032897
-262700907
-2119368882
-1577669304
1274632556
728584842
-30211630
594156862
-360395377
1106969939
1528254636
-1594357465
562456210
-1516953047
-851389859
-30015618
-1585690397
-1839312036
-416401033
-1284783631
-2005616424
-28971924
-1155638986
327757793
-1003907590
-1343596813
697606249
1609644563
963773741
1782318311
-449646039
1741810756
-852916956
-1013282703
-1050976392
-1979830649
-439018137
-929082939
999574889
-1337615431
-1968882645
-2048139995
1102131575
-758707396
-976301384
-750323092
-578915431
-112983838
-615506093
-1858311090
-424000804
717241115
487589809
-1306481256
-1079354181
1441513140
1470286634
-1787921080
-2093078023
1164532796
-857639694
-1886749959
1883356003
1374136223
1665240438
4274225
1067599135
506958396
1041660006
1247796747
-2145011317
177888030
-1292874138
1724542968
-1810742798
1541866434
-568729736
-1133631325
1886665679
2028823192
-850722099
1824401706
1044691583
-1043212475
1585309934
-785201150
1896992930
1138246976
2100885385
-1976076636
777919381
-1878931398
-1396961166
1802736766
-160840679
-1924208553
591187437
-1401262588
-365530209
-1993495547
-1422827589
637677152
-1577713676
-2552179
-1540883646
1465137910
620443298
1835390608
750920149
1672409991
812167641
-1088330838
-2008848556
-1090401683
-657839396
343166024
1192274242
-2045771343
-519302572
-512574838
1749584600
2098490195
182611226
-1819422847
583156071
-1563237627
999274912
-875006016
-1841737022
1736669253
1650027911
930877969
1005186062
686900280
893792676
-2031057842
-1856363977
1588802986
2079432648
1084952859
-629045464
-283783750
-1122914212
1164084551
955166714
562962031
-1799605594
1928970169
-291631154
670608648
1422090530
1218779241
2127212078
99131682
-1567224160
-575216591
-1761616764
-1781219982
1362331816
-1743077476
-1056856943
1282278063
1258719491
-1860911809
475765553
1956236685
-2095872746
-1446248640
-2034927002
2137629083
-1509031775
-342127515
1453970219
-2087550840
-1861724771
1620046389
-1947774434
1496730034
-437413327
1557252226
1682930107
-1569949147
1143843388
-785294253
386812703
1659817702
1367015939
-1847354987
902605243
-804751354
514592539
1652809447
590822394
703040033
-1478473842
453513552
1970625849
-1909070456
905681417
-538670579
-507628883
-438796511
557488894
-1233185128
332662891
588549176
-1676891757
-876629093
-1400362064
-504837824
-1573601520
1940361423
30219777
41603396
179739255
1057188441
1530122178
-1551476469
375049315
-570537046
-1069049124
-1984863048
219302335
1020366191
-869880378
-451013807
-712391821
1798416981
-1643976057
2072261127
-1083924594
1898652687
632804782
1600545035
262078821
-369104869
-1713815546
-2025371723
-65870891
2057108900
1593115128
-882292510
-406456241
776403311
1964457413
