-1303727094
2095939302
562694602
-395430797
-296339433
-1478948954
-1981555619
122734985
1823853673
-1207265991
228638142
1886471017
-1359394244
-273613347
1701337357
-1675609000
-836889557
-2114881997
-1731101104
-1729000162
-1601122010
-1030072585
-418196726
-179697494
789083606
1262477774
787012972
2086222357
1737778759
1365047357
955777067
-545984466
-948658952
31742947
928011688
-155189028
1666163157
-532514961
300628686
1867931970
-1867622452
-342568930
566578839
-675605960
1349339413
504726647
-1808374468
747635939
-1831776657
1138070442
-563867712
-1243120829
-1690977518
-1702925710
-5272887
-860855709
839233186
-1251133007
-323438851
435871453
-1638569954
750330856
1220676821
1001983710
-1819782909
-789389318
166727627
1062540634
717422402
1499133127
-1412435879
-686041121
-1576813001
-437770135
1605037993
1888883892
-842782817
-794936748
1540677877
1699694393
792797074
1939625247
-1692999104
-1027745251
369136035
-1020366035
-165865142
1411967520
1944342876
-653745745
2056793680
-582705459
101505393
589347236
571965004
1967246623
1967409828
-997203217
1652801644
1902159916
-1202925294
1694037340
-1867996717
1825789541
-1647806939
472563044
2062819341
1822563282
-1589474805
-1923962596
1965057986
-1189451895
-1376636847
-1223917522
-967375741
-669787794
1800631081
109933503
476877721
-2083687700
-2096042314
912748499
180535402
-52012022
1651308959
-1572657884
2040641303
440963957
-108981290
-1229463135
-312388600
-476880369
1640134379
-288108787
-694743243
1852044179
288608212
-249234344
1984280384
-1566239270
-33697831
-1915311984
-1538422573
1840045531
1963344847
-908364500
-441213663
377789547
2033238675
1925347132
1171843371
-1146358718
-1978433903
-697923458
-358349855
2050742156
589665588
1033379787
1907931030
-2124878548
1193556151
-1026874495
-1094905806
-962824957
107924857
794699678
594465980
1138537984
1131622864
2013069184
-1638225282
404974187
445968684
-710619484
271178784
1789555681
-964309227
1586455385
-589852341
2140755417
1937663473
-234828817
-1970060223
44716476
2131382133
1837565526
542856383
631001295
116794994
-920051281
1679437143
-976378078
1055444684
-782894359
-258071708
-836602689
2141879530
-1632221044
804417201
1628802220
1580745997
979590693
939448430
2043080518
1045565765
-1228698724
-2017504068
-883656202
-57972048
-1513919898
975446618
-47104250
871734128
946278203
55330047
-1299548023
-575888447
-715002987
-349312850
-850210321
-1408719497
-482936558
1310569882
-257818845
-751297669
-760855734
-178949110
308136895
17644637
-175701881
-2110005601
-992473710
1416122364
-224959407
954121113
-1676477472
-591956746
-1679741298
-888740325
1458005809
40707267
552218259
-1971078231
1074151313
-452804095
-1836941503
21629882
-1652078393
-840226522
-2104598043
1624398072
-323159637
-1575571532
1955647134
1695428904
-1329795102
1851945726
-99120196
-169826311
-57815551
1211733006
1769361925
160591357
-1181618225
-1037403320
733314096
-866168556
-1615604883
414853923
1908814176
-1971446243
388839900
-467242382
-412206859
-736158245
2131206806
1570917275
223345571
2103714717
328608570
1641783198
-278856510
1564125848
1756829758
1945678986
1395202688
2116416931
-34097612
-430287664
1450036095
125987372
-769950974
-1794353421
-1308390862
-1613050309
-224863816
-1561212752
94682631
-1606470351
-912767171
1073828541
-1024872250
1149510276
1175734235
-487473940
-2089379911
-759434004
292502542
-439059583
1838487052
677109677
-778404652
1262019509
-1713696146
1495022387
869967221
121712835
1071911120
-1706224268
2091998412
50244264
-541048459
1477354950
-386608646
-1951609043
2026974439
-1656225278
-1737264588
2014568557
-644776253
-1250387496
-606957373
-603571654
-193266790
397168027
402392679
-1384533252
-677894925
504869123
-1855826371
523935628
66860018
-1551458913
-1662206334
77052555
-2039909688
867965618
-63029239
-1857754499
1184551190
-1606372665
422683741
-494281341
2034735311
1418092629
419620469
-544448477
248526602
-179464437
364507367
313086298
-1006170013
552063824
1540672582
435522701
365696922
-761804032
302118050
965809014
128649032
1878134315
1547600097
-1966788167
-2083610379
488154004
760217134
1004912906
610802733
1901026181
-1190556846
-1972396347
-1208959063
-1802982591
-1755996036
-1717973336
1195502042
1546042184
1168728506
1794321771
-1354885622
-1378217303
1386878480
-1981762798
-1774645521
298432362
434723831
-907361300
1748841248
-64278873
1519885235
-1206950661
52733488
1296938441
-1542752951
1249187226
170404743
811615790
-1646514654
1118411976
-106340617
1935804613
-1146817944
1087533151
1308937208
-959442245
-1063730739
2001882372
1568282559
2049869852
-626951616
-1241993172
1570834941
416550338
-1062098910
1830531779
1567767368
1147678098
-202101086
-1225560855
-1800605138
-361722889
-1023792349
338699101
1571859393
731246772
-1352219875
-381507262
-302708955
-489323929
2054909610
704696179
-1947307850
1804425341
-817693339
153792815
240570830
-326522944
926254021
-911247708
-1498458767
919465456
-534935802
149045781
1630850869
1061359273
1267600124
1019477208
683114856
-857724557
-1719665267
-654406632
737825174
1758617593
1648177205
-1270667705
-252496156
-735005416
1222321500
1942292742
-850792621
1563815726
-1166456232
488704345
-683408176
844132671
1798166255
-1522578771
1330010852
-1990499596
226279449
-1049333933
1487532233
605125453
-1665078491
1013987310
1881526093
3192594
-2071831218
-1199598321
984577536
324731813
1753106093
532879295
442817891
702173561
1076241454
-511619596
-25228500
375607142
137588251
1736653136
