-1419241945
2099745899
1313739238
424476203
-1596347022
1890355196
1463284321
-1280913374
-1623250013
665955063
-1322041847
-266310787
702469086
-1413054467
228331149
-647979379
-1599283646
1835448039
-854834455
-588621386
-1943750380
1235740897
1511926369
2096678610
431862485
201839912
-768438820
1608895955
537970785
1157829120
1905165817
18815371
-689242527
-980795448
-1498553350
527150090
46485725
600774826
-908089905
-1737963385
-587625596
-1913567318
155046663
1083646566
-396874352
1621246815
1017620339
-94119107
228246545
161561687
754350658
-1751936121
1931004946
1296400361
-1227167505
1840136109
117780087
-704268873
-1179880938
-2040888628
-1525971051
-1193930371
1871238510
-1957801937
1820398421
-1648696827
1528961146
-652203597
1491810935
241166942
1113566100
-1847211236
-2047773155
1794056044
1362818749
-1304487833
108627346
-1676506595
-108781716
2040147040
-1020184545
1537454683
1203074667
234634525
1793440487
-1672897804
-1427313128
-1249295059
996495127
1813989343
-320766425
446643852
1663090924
610154006
-492749684
1549348167
-932319863
-768550467
-520768871
-348060488
-1763599201
413348332
-604386709
218336612
-1560212678
-931944498
-1451780207
972590508
381489633
-260213498
625259969
1570536514
1383521077
1848710762
-1598692371
-299828557
114113697
-655341510
-946454210
-770310357
-602320157
-2024538177
-1183053946
1099174501
84872492
-1575196574
-1199894435
-1550737846
22199863
-867685105
-544162436
-2059354534
474694457
-1477007682
1508243305
-609773193
1083335404
545368019
-1421862612
744060295
-334867562
-350681956
921520514
-999166106
-660962845
-886994179
-297315031
-636474056
358731588
36977436
1153754598
-94625444
1411434773
1166911045
232208399
1261301282
453190655
-1979604570
1568816612
-989240063
344219158
-852059172
882826080
-1561402512
1724204213
-258209041
-1865374198
1971393963
-585260143
1212259663
259444946
1581356640
-1963395827
-331141014
1541958388
-762074535
715027361
-166647712
1769009582
1146963014
726263464
-2022140596
-221708997
417974707
-315290655
1894435892
874712023
-1889941083
1040145318
1872184068
1495096379
-1827228668
1809409009
-1535898034
123003639
1353697941
789654902
-858774277
-1119299654
2020278127
1404909715
1817972527
-1071087674
-606219889
2009228262
1732102591
-2036242511
521943148
1401189260
-1234860554
697224971
-1491591679
-11459085
-927646275
-1051721641
-1018114068
-1468920380
1815175595
-1605525148
1045665512
864472845
-1286757330
424921136
1630659266
-1160903179
1823311063
2058116005
932787520
1251903095
-644898894
-1559658537
101981780
-1789463008
-1660566261
183564888
1595325663
1017184808
-596421657
-642927802
-1605785102
1530612484
-2052369893
185174950
-564498793
-810957427
-2067549212
84716657
-1985828283
-1535205998
579465117
-1737498089
-1759413526
-807740617
-1912335926
795260307
-1770710413
851745467
-1750711224
-1759432673
-1997510074
2058967194
-101544126
-1009092695
282069627
499421562
23833906
1444538165
1088992144
-246637900
1170330848
1151586939
1867498039
1452277106
-668271254
-1912223859
-1254934083
1545722166
416863953
1565193827
-826203841
-1617077211
-705629970
1635838847
-1378676837
-2119296
1620952687
-1015082396
236588262
169069823
-99235265
2145711146
-1001603954
-948187154
-1545862170
1389594442
1527570989
1115279082
6945594
1002260274
-42225729
574844487
-1773890376
2034017490
-1075774232
524806788
-1093814518
1989583634
-135686246
-895960162
897315879
-738076702
863272816
-1770866777
687791675
1826543400
-1764991215
1610303487
269059941
-1263318343
2107297824
263025055
763533541
1467974229
358681628
-1311418166
808888276
160185843
1076827295
2128375639
615192727
-868106142
784784289
-130608424
-2105851535
1732070754
426916896
-825923286
-2047196431
-746491482
2015087133
1639916425
1457630156
404280404
-1017050356
-2137571357
2072556225
71862855
839594032
-182769977
1609578095
-312234521
2123420199
479315415
-200495150
-172252864
1060417042
-840498508
733661946
1494788036
-531713125
1876653113
2127341928
489523572
-1504451130
544147703
-111546903
-1994829346
-55057700
-1750573755
1178750700
525751824
1744925995
537787717
1556519781
-1270848736
-2124659299
1105536339
297570320
154209120
-842351713
207121365
-807654059
-521054079
-1699860075
-333506581
-371310627
1845056943
-697877818
-667488498
-2124753398
1331017051
-1580562436
1096535204
750023204
-1832420945
666080654
439606596
1472314435
-1671817962
1034471394
-1162322909
-633325397
787703276
1019155898
-20195564
-1767289925
1118567146
-710672204
-1172340197
-205970017
-422871257
962019352
-1916381260
-1712243914
115787628
-266122386
-1646575215
-1136840972
720842376
286727604
-1665667711
-1016789566
-548927688
-1029764521
-407543723
790326268
1285862933
980793859
-1649538396
-1726556851
-44870960
-1731369076
1173724544
-425803556
694368977
1684542944
-274306591
-2126345056
1648577273
1005293145
-628601736
-1531840761
-486209578
1834196263
-321919408
804013752
2081731062
1715877729
-877477748
314196097
-2067577769
1535092743
-1281061383
1293459183
-1331654055
-182205247
-1409596239
-126374448
-707924038
281700047
-1942737704
1581798586
1119216802
2109605048
567346742
-112689289
-1201324812
2131297933
-1341027337
1105041772
1909753722
1899819862
-616242736
-407286486
1619273389
-1325508121
-298647951
-445640557
-1957631113
1465445855
-419007389
1450733069
-303845631
375351301
654581333
-1909053513
-609639869
-497110723
638673183
499910585
31932358
-48709350
244587216
-439486385
560792979
2034032697
-1355336163
411478795
2054559229
1720865939
299171242
