715736009
1960417828
1686674350
1527775683
2004328592
211312502
634204611
334471699
-1617139763
-531206912
26272361
1395546857
-1686760618
-110978917
2126806696
-11749454
-1992809638
623139117
1277027124
1469742639
1389033001
-2138855516
1139508639
-1420124353
2107133597
-2005433620
1648669659
-605114731
-54785432
-611329034
650724272
1233817169
-476877728
-2021328653
294312598
1198730130
1376674260
1178202995
-1416120899
1656561710
1676642545
-1566283441
157058717
-778684301
1153051334
-1107026570
-366018012
1168309907
917279640
-1561984118
572521705
1939689929
-1712862214
514341438
1072687061
-497471014
893734348
-20039610
-1528098039
315907276
1584813100
-1741764072
-504742361
-1165445821
786016808
1636994872
-315134704
712458133
142452839
1666812975
-1343371251
-1607568949
910492602
-1291550350
-1065102147
-643905647
1468451867
2092714857
1930020436
-822136831
2066531043
1975735917
759988977
-134501924
1458389061
1287020717
1371368014
-187584750
-895558643
-1695738717
343951802
1586042307
1541189419
-2056107639
-1621891665
88344084
1716929165
-1809884872
-1274707588
2069999045
499031837
959097189
-1610609222
1653296641
-652234294
1888058968
1995447076
-1871742643
-2083893369
-1479510839
-1228839268
2076376363
1151878893
-1742399039
1310474236
-393721792
1287699505
-1985641972
476657058
1088263681
-193501992
502723615
1630047535
1539173950
-1406185791
-1103245445
1393185192
51766699
-1115518070
1506549725
1066089564
1300700419
307489933
123960799
-619478214
-1411975837
1615980895
-2137760838
-2032649009
-460889063
795160222
-1683793823
-1940187873
1860711352
20559560
-1541381157
398875998
-1117232901
-805816285
1040310454
-1407903559
-1732323902
-329732164
1569500939
857481301
1321539709
85424441
895757879
1095404145
-535218383
-22132897
1078785761
-1916055132
-1633304881
-315898656
1665237468
-658833064
1757577277
1936777648
-1852122566
1205576143
-680746188
-1274180307
-2109925984
15003851
1650948912
209688020
-546462928
-1263327548
782913591
992087769
371003168
1089720984
693998024
960572365
655455120
1361183965
-1274191433
-1984014251
90226358
-89878985
806643731
-880673287
30759984
-590595292
704658553
-707837934
-2016729625
-1916031138
766913339
-635303839
748347534
-1012075438
-613043458
-510848686
1482793524
-1794267113
1891999774
1790880615
-1459888092
1513650384
1992924079
1467869640
-1883946464
876981656
1432338219
-870170218
1365249064
-670195171
695122436
-1901074934
752263153
1378335784
1590319680
1164712013
877049607
-448337514
-1439007862
-1777859714
1180717525
-39666328
459978610
-999835692
-258284185
1837849187
964014886
-636504846
1455626521
-1439918944
566660630
-1972946313
-1756711645
-1987641048
-2070953201
1338750385
1961351801
-1999803519
-1917762726
-774110872
821665671
754032828
1668744846
-1261084130
-1845920122
-1446905779
-1077716593
804590517
-1370610048
-1841775045
1259488642
-956202494
398006856
-515520780
257774836
345789504
-184907148
200814418
1644093278
-679074951
-1664070951
118627860
1527227122
31668656
-798458625
-877735508
2074549039
-1333148215
-440308590
57493117
156102088
1072042311
-473645341
-550572193
-466598505
-76305504
947501944
793975230
2109550383
-534717912
-347756275
-2068737749
-1049383016
-1238173048
409467511
232016186
-658792272
-89368766
975712151
-855633949
325156653
1775803137
-1689448188
-830500839
-322183194
1175564644
1042994169
1252388315
528410496
580006892
163392724
-442634748
-1388997722
-1771031793
-1115339173
174932805
-777403735
-1101616037
801129921
709577774
648808193
-689006895
599974261
1351592044
-1429634862
-723197613
-1485786727
-779704358
-786467977
1100976174
259628833
-252261514
-879209441
1748713457
-806201409
269104304
-1454749301
1947162928
-1936805565
42905712
1814666450
-1191370369
-1887123246
-1753221926
2132308866
-1575573492
2053876107
1351820347
-291406256
1927912696
342699364
-572855918
1899733960
-958912403
-538144099
-476057407
-177973761
-1302201715
2052431358
-984388567
-432041357
-295235788
1565195244
-1983541916
-122025336
-1153419829
-1749354644
-717685599
-24884583
-1596889157
-769893848
842081041
2072425334
1977480042
465035105
1106466106
1359862850
-158380947
1740912452
-683781485
328406018
-826269667
-309012039
307961504
-1151016431
-14833745
-1592987068
424059389
180770221
183462700
366000145
1992846546
1816304799
-1612993203
-2039047672
1223471354
335647638
786629651
1664265815
-897654035
2107513049
-1411039136
89658220
1732959246
216420216
-10196714
-2024675246
-652803717
2137030144
-576287092
-682433738
-403120138
-97522309
1439028189
969244310
219822243
50472247
-1873445575
-446358863
1516031134
-1036913690
-895370419
1672880279
263273331
67510539
796772966
2105514845
18285547
-425241979
1467527616
90768089
119519107
795083874
1221645992
-1983721858
1654643595
1892070148
-699550184
-1364574219
1586189489
-1388106620
-512413206
1139212101
745073400
-1213495931
162309711
-485954283
-2062469443
1327118031
1712118473
863825473
976584797
-1017399637
761144088
-537077310
1812033719
1788228946
1385210338
-1356820828
-770138806
340626486
1875256199
27562004
-1832608789
-802537983
-1979168981
-1845179450
-1154833065
656032582
388144137
-1991970644
-633084296
-1591152179
-2065371936
233359463
2147291242
1860763822
-435257003
1749409116
151923946
-1680545128
539407906
551452957
1833041793
-1245933606
1230010848
1573318714
168414522
-1911943402
234236879
-1374750678
194881802
-903987891
-917555514
-1857241424
649079482
910650150
-219352734
-408968339
-1008391785
1491186336
814396810
