-1447510872
-328544066
1511256898
158132016
29792336
-1340735484
-1489815423
-472274656
-2068500059
-583671661
-859698923
-1281326832
1895903044
-1425350717
-1693423578
909392797
-1148214948
1482268228
-656941444
1674474314
-84355325
243689472
-998001352
-306862322
349437494
210560585
-93959376
1650821094
-1777331533
-1853319379
-1231476318
-1626364196
442374494
-287063310
877503736
1408040624
702498270
-2137145315
-1604237543
430845414
-1405176892
2017575454
-2092255067
-1033877046
902469341
-1338367180
1465590448
-1614294672
-938392633
128771854
431810740
65878794
521650953
2007914677
-968455197
1576126827
110166328
-1057446875
-1617758745
1227795645
-365661678
-149815110
135829261
-103778873
1820619771
704099197
861941600
1989126808
118562309
783181232
788412743
1616453755
762046098
-883337626
-1676210295
1279838805
2113352434
-2081356081
64439151
-457463704
-585166729
-2071368233
1266603510
713295955
1303051855
-1638179680
-913119267
1226183795
1387074611
1500591771
-305393657
-447882500
1666677268
-481404697
468075065
-1868993390
1478064664
1775152529
32146463
73571706
-989115848
1598857087
-1770344114
548128512
-610412884
306933644
-2076411877
-669380502
-850761492
790307382
-1339794179
-1309264461
-67257396
337083074
-1354906290
-568627442
-127038740
122216491
634307714
-1940634914
-867693772
-625787939
1976425698
-1849312355
1074913779
1977046044
-1976607754
591167713
2002065075
-1838179889
-1442209439
343139368
1903051305
-128230428
840319032
426275283
-1587987711
1662869606
-1420878938
650080317
1135671229
-182311488
-1334733713
-1358981416
-698431465
763564244
498948499
569743301
-2109817731
-1589743871
-520591759
1629199887
601755623
100387083
538111746
509620735
1435395311
-2120438771
929262938
726249714
1098261167
226185612
-1058920399
341313553
-1676070815
1045097816
-1064062903
-950778791
-37467360
-475760544
1330422069
1390985853
1796732447
2055938642
1978601815
-524485149
-322817053
293261025
-60749859
386990198
1592857673
-1013818150
499674004
1446143329
-1655133246
-2143153203
-796314054
-4931603
241496072
-964743747
1412497065
-902618907
311708667
2140715031
-822093423
-1176469332
1102791405
-508424513
2054572349
-1522412393
-1189467935
-835720188
487402578
944915187
-1985392277
1181054045
325242610
1984111263
772186502
1936390254
-368654505
1213062762
426649508
-22970614
-1062520949
-481385020
1045871202
2122418194
109047881
994397814
821569247
1056947299
-1526931421
-1637262192
-178319303
1209515417
-1993181070
2032477675
1298983687
-1252738166
1685579137
-153729347
1511935248
710523761
200458463
-841948531
1642712332
217746103
-1803827382
521231585
420627859
-1294978981
-1266061283
952529975
-378910436
1304108458
985112112
-1064855226
-1841801878
70922488
-868133979
1832855052
1979381439
1658525023
-1073468486
2090021618
-1722851207
-1729773755
-982953888
-23987356
-1049189927
1982998253
-604796118
1339562081
-974419299
-252983695
-888005554
-362777408
-259301615
781737127
-22362163
-199164964
-1239307994
2094687686
-218452535
-10935058
1976841031
264161304
76853922
654168157
-248850233
75900701
-595563423
836593553
1999449186
1773193477
764828769
-522860582
-343239593
-1489281579
-1204623487
-1636839091
1474601354
1981155321
-1531117456
1922412487
1789705765
1282816799
-1967841548
692897624
1324105441
1226551157
1354707415
740580680
-35701150
2057092142
1632047652
-680878440
-1565287843
1261577735
487862944
-74331410
-2142946558
1964398350
-1319202010
1618465010
1558937974
1742736987
-43209035
99430959
-398514527
-346656534
1859880996
-390922802
1188131084
-45734894
-1148144808
-535377780
1055309656
-1393761964
555799877
612112901
1043784974
-1778877425
569951818
1895175379
1914825596
-59327679
251767140
251994833
-1393845906
-482264769
535669541
2133349911
49336120
-1084523930
-1454831008
-684268023
44148762
1927049672
1421183358
21605943
-1401059801
-1382960877
888977027
507409883
-1961906413
328913668
-486643242
1278989709
295352893
1420600399
-613379749
1691798546
256147665
-601115272
2072574745
-877441072
1051080498
-1584948088
957380785
744373587
-1602384544
-879352614
-1075953121
-899797662
-995167477
1087658185
655678465
888671264
-327351410
-330435834
196783460
-1146385629
1919554708
-204580670
1358954750
2090727791
1147018483
-1293132855
1591538492
-659281919
-268363540
1917394524
-1976989671
1627469719
-1069761120
1496193379
80083429
1399477681
-1308841305
2089416427
1529417962
-1259835576
-1778194280
-465906150
1738983600
1994293245
-535215431
-1526336532
-254080615
334836054
705145872
-871822355
-466566537
2071202539
-1871567406
680735940
133108881
-1703420306
2005062881
1823896321
561377337
1325629206
1265786402
2094634121
1374730140
-1494737456
957975924
1142416822
-1078427468
-1182771977
-1007651554
1594144927
154280761
965503983
1636061585
1184371875
-1780075106
195685975
1539213819
1342755368
1013253828
-521130779
558539854
815142631
209496690
1332573597
-253453850
939965918
382883740
1439236044
-374663617
1188274826
-1971037496
-1394070972
196713231
1500766982
1557330119
-737430344
1940598018
1434653048
-1972710533
1524868661
-1564688910
-194274548
1989948958
-326993508
719382954
-17887530
-1865022879
1982160919
-1237596832
-1355479069
1401141507
-1277922555
2061824529
1027783279
-564956535
541484331
480136702
-1507721255
-1623633253
-1645936372
-1147168769
-693660106
-1725113693
1697299018
1922408722
1274798545
-1434433304
463902847
756266656
1974946725
647903041
-849964649
-1023958869
-1105444137
1216043401
-755384426
-1477606872
