398348238
1142162644
-340466606
2089984176
-1562462006
2010261660
-558296246
2009191179
1468301153
833855199
-208836147
864049607
1171163309
-316042140
445479783
1531007736
-820059675
1703919429
557143494
587828069
857580137
-718269272
2003587911
-1983569304
2058139262
878494652
1748682871
1830464479
-899388956
-1480809997
1282921626
944222187
-2129126533
1449839354
764201139
-871125451
-1624963445
1920443096
-1079609537
1520048579
743966199
1426685099
-1620234103
172504318
-366191612
-893320894
1641192274
73501076
-1379122321
1245252466
-1750519270
1712103071
917138026
-901108773
829472203
1521995753
593414007
-1441891961
-60724280
1899113826
-1076406332
447743703
-553483607
-376251824
-967905876
-1717088162
830605570
1915141381
1358932346
909797013
309007492
884678438
1448437874
-851770434
-11367471
-1565614386
-1114817999
-1090008884
-847580641
1015692187
-1917942227
2012443685
-1111975314
-22091559
-1169130217
-741828103
-1262688882
-30010579
-1974568647
-215067983
2085193734
32133026
1204738789
-248899948
-785535600
-147401999
744606395
1353280033
-700628599
87553336
-952175322
1863473476
-663334191
2102813847
1515727793
1531061994
1278695574
1947831481
173905598
-1930055226
1917396953
-891893243
-1387881636
-1099833470
-1517299867
-412369991
1611296075
308977085
-553113551
-1776992899
1680411896
781507240
348072606
-1930413555
-1611180666
-1807317758
-206395986
-622920859
-517367657
1677881375
-1349481130
605450786
1319832379
532589811
-1887336805
-1176423073
618605538
1280430118
-25282935
-181659652
-1193703976
1207599578
-327804099
292813866
-1069833323
-1559498255
-1015413363
-1196059022
-2103423803
-1760019919
64211833
1889896707
-2034854810
779950552
-288332044
2028335859
1930464271
1484691223
-707622363
1305407604
536964577
353098366
977576512
1224099608
-1507855195
-409971995
1804174810
-1448197320
1306093730
550895627
1434381843
-1340992500
1898255702
1644643210
1122468724
-604524846
1177674445
-228786579
1513060731
552528234
-1757450910
1699692187
422655410
1998469631
1402877760
2105077245
-1991955532
-1064611644
-108533748
241093226
539129966
1382880217
-1423076054
1632969268
-2119354572
-921079768
-264280371
1743928948
1918502064
268349861
-946869622
1127943609
957803251
-1057663090
1726166693
339811898
1808749411
2063410152
-384726383
-1523291765
-433199426
2023243886
71377536
1295281787
1457542560
-297337290
761323618
359673851
1259532309
891910867
130238626
-1740624775
-1347805475
503211317
-2144470657
651488671
594279687
-83737884
467993691
955452619
-1874956110
-1736376017
1292902729
1279874477
-1821150177
-1924231522
-34709256
1075332364
2117644326
237467521
1852836529
957092088
1502074584
-1102924832
-1345135748
469981350
-768471381
1191877448
-768251531
295782505
-1471351227
605079014
1176866745
2085552393
-1661034048
-947758088
1444739524
-376702553
618368164
2030067920
-1349024490
-649586555
-835722533
-492093050
-832772487
636969229
-230787262
-526673353
-1426980192
-662936295
727889618
1497568125
323887916
1670230007
-63655270
1099518145
-1693955492
1358125860
-2063626946
-1645834877
-228458964
2017787899
-1708141764
1699839189
1105410516
1416156890
792246539
1715306976
9011926
445738695
912110945
1376722817
1001831161
1145946144
1089984613
1070989626
-1589157324
346891024
-1510516788
-2112188424
-368260409
1604743386
-157993353
146314710
-599529823
1087288283
460451299
1745305180
873218363
-1224860679
1945844795
655535550
1483540382
631391856
1255122352
-1233209900
1505000236
348263233
1621396336
290956872
-466975255
-1926755522
1302586037
1219267915
188212744
-1201024582
518026276
-129504588
436290392
1173402921
480357298
1915471954
-1129486124
-485937798
-519669972
-413998369
771714193
-1215483401
-1780688294
2060850748
-896372718
1257303308
-957735922
983417772
2027598066
-355234534
-973378319
-1081204417
-600706998
910606483
-141200109
637469447
-1155688286
-1418050758
1474146598
-1515465001
49723604
-1539144357
-192715729
-1314847197
479862966
1189862167
-2067966505
-1629464116
-889539453
-1826706304
961508628
-854046076
-1092648126
1181674267
-469245312
1773919484
1426015345
1576526761
1041665812
621586133
597402224
1227032871
-1664487953
-999634040
1479311732
1280178741
-1259162753
-383979500
1183803374
-2077744608
762066435
-702954438
693923017
-713569437
1789994544
-1072219627
265868878
740860036
-314134168
1340377221
-1455054858
-827239187
-714031165
-230648167
-1152054384
1655876721
1530537706
1957579570
-1124056203
-1885536232
-339311817
781805984
23003083
-2033866660
-1227187157
2133729197
997479504
147995784
-1124235272
-1649987492
217981122
-2062746009
-562486336
1515613729
-1875201379
120079204
987074386
-296723695
130431570
-267717179
-1179448322
-519633801
-1213093393
391669987
357891119
686188203
1862227625
442843328
-1231407522
1108827951
-1072727175
821430440
102837384
1249034331
1308317352
141771755
1006070818
102310834
-1304455162
1670260921
-934324842
298891718
-269199205
-1573081600
65203173
-964328432
1318888180
-1288534280
268925778
2004174827
408894239
-1767042859
77392727
-560243580
-153616877
-758214080
-1934703384
-1248510979
-1950115458
1803118613
-578027177
-184990425
-148366872
1076814332
1861340987
1728319135
1327195787
-752645445
368822789
593708507
444904699
-1438661739
491375285
-140706987
-499935913
-2032118280
1208161713
1807949688
-1581659568
199457710
-1296834334
817331169
1853165470
819704085
-714185851
213439865
296974153
-824797786
-1438496253
-1406533978
-1992378976
1574950465
-9095617
-986883786
-537009623
398348238
1142162644
-340466606
2089984176
-1562462006
2010261660
-558296246
2009191179
1468301153
833855199
-208836147
864049607
1171163309
-316042140
445479783
1531007736
-820059675
1703919429
557143494
587828069
857580137
-718269272
2003587911
-1983569304
2058139262
878494652
1748682871
1830464479
-899388956
-1480809997
1282921626
944222187
-2129126533
1449839354
764201139
-871125451
-1624963445
1920443096
-1079609537
1520048579
743966199
1426685099
-1620234103
172504318
-366191612
-893320894
1641192274
73501076
-1379122321
1245252466
-1750519270
1712103071
917138026
-901108773
829472203
1521995753
593414007
-1441891961
-60724280
1899113826
-1076406332
447743703
-553483607
-376251824
-967905876
-1717088162
830605570
1915141381
1358932346
909797013
309007492
884678438
1448437874
-851770434
-11367471
-1565614386
-1114817999
-1090008884
-847580641
1015692187
-1917942227
2012443685
-1111975314
-22091559
-1169130217
-741828103
-1262688882
-30010579
-1974568647
-215067983
2085193734
32133026
1204738789
-248899948
-785535600
-147401999
744606395
1353280033
-700628599
87553336
-952175322
1863473476
-663334191
2102813847
1515727793
1531061994
1278695574
1947831481
173905598
-1930055226
1917396953
-891893243
-1387881636
-1099833470
-1517299867
-412369991
1611296075
308977085
-553113551
-1776992899
1680411896
781507240
348072606
-1930413555
-1611180666
-1807317758
-206395986
-622920859
-517367657
1677881375
-1349481130
605450786
1319832379
532589811
-1887336805
-1176423073
618605538
1280430118
-25282935
-181659652
-1193703976
1207599578
-327804099
292813866
-1069833323
-1559498255
-1015413363
-1196059022
-2103423803
-1760019919
64211833
1889896707
-2034854810
779950552
-288332044
2028335859
1930464271
1484691223
-707622363
1305407604
536964577
353098366
977576512
1224099608
-1507855195
-409971995
1804174810
-1448197320
1306093730
550895627
1434381843
-1340992500
1898255702
1644643210
1122468724
-604524846
1177674445
-228786579
1513060731
552528234
-1757450910
1699692187
422655410
1998469631
1402877760
2105077245
-1991955532
-1064611644
-108533748
241093226
539129966
1382880217
-1423076054
1632969268
-2119354572
-921079768
-264280371
1743928948
1918502064
268349861
-946869622
1127943609
957803251
-1057663090
1726166693
339811898
1808749411
2063410152
-384726383
-1523291765
-433199426
2023243886
71377536
1295281787
1457542560
-297337290
761323618
359673851
1259532309
891910867
130238626
-1740624775
-1347805475
503211317
-2144470657
651488671
594279687
-83737884
467993691
955452619
-1874956110
-1736376017
1292902729
1279874477
-1821150177
-1924231522
-34709256
1075332364
2117644326
237467521
1852836529
957092088
1502074584
-1102924832
-1345135748
469981350
-768471381
1191877448
-768251531
295782505
-1471351227
605079014
1176866745
2085552393
-1661034048
-947758088
1444739524
-376702553
618368164
2030067920
-1349024490
-649586555
-835722533
-492093050
-832772487
636969229
-230787262
-526673353
-1426980192
-662936295
727889618
1497568125
323887916
1670230007
-63655270
1099518145
-1693955492
1358125860
-2063626946
-1645834877
-228458964
2017787899
-1708141764
1699839189
1105410516
1416156890
792246539
1715306976
9011926
445738695
912110945
1376722817
1001831161
1145946144
1089984613
1070989626
-1589157324
346891024
-1510516788
-2112188424
-368260409
1604743386
-157993353
146314710
-599529823
1087288283
460451299
1745305180
873218363
-1224860679
1945844795
655535550
1483540382
631391856
1255122352
-1233209900
1505000236
348263233
1621396336
290956872
-466975255
-1926755522
1302586037
1219267915
188212744
-1201024582
518026276
-129504588
436290392
1173402921
480357298
1915471954
-1129486124
-485937798
-519669972
-413998369
771714193
-1215483401
-1780688294
2060850748
-896372718
1257303308
-957735922
983417772
2027598066
-355234534
-973378319
-1081204417
-600706998
910606483
-141200109
637469447
-1155688286
-1418050758
1474146598
-1515465001
49723604
-1539144357
-192715729
-1314847197
479862966
1189862167
-2067966505
-1629464116
-889539453
-1826706304
961508628
-854046076
-1092648126
1181674267
-469245312
1773919484
1426015345
1576526761
1041665812
621586133
597402224
1227032871
-1664487953
-999634040
1479311732
1280178741
-1259162753
-383979500
1183803374
-2077744608
762066435
-702954438
693923017
-713569437
1789994544
-1072219627
265868878
740860036
-314134168
1340377221
-1455054858
-827239187
-714031165
-230648167
-1152054384
1655876721
1530537706
1957579570
-1124056203
-1885536232
-339311817
781805984
23003083
-2033866660
-1227187157
2133729197
997479504
147995784
-1124235272
-1649987492
217981122
-2062746009
-562486336
1515613729
-1875201379
120079204
987074386
-296723695
130431570
-267717179
-1179448322
-519633801
-1213093393
391669987
357891119
686188203
1862227625
442843328
-1231407522
1108827951
-1072727175
821430440
102837384
1249034331
1308317352
141771755
1006070818
102310834
-1304455162
1670260921
-934324842
298891718
-269199205
-1573081600
65203173
-964328432
1318888180
-1288534280
268925778
2004174827
408894239
-1767042859
77392727
-560243580
-153616877
-758214080
-1934703384
-1248510979
-1950115458
1803118613
-578027177
-184990425
-148366872
1076814332
1861340987
1728319135
1327195787
-752645445
368822789
593708507
444904699
-1438661739
491375285
-140706987
-499935913
-2032118280
1208161713
1807949688
-1581659568
199457710
-1296834334
817331169
1853165470
819704085
-714185851
213439865
296974153
-824797786
-1438496253
-1406533978
-1992378976
1574950465
-9095617
-986883786
-537009623
