-1178960150
-379803784
1261240129
-152581737
978977008
1637383166
840847323
393077897
1146671838
-663159259
-519497261
-848895053
-803631982
1867638155
-962141774
736884818
-1136849973
781764175
1768840409
800424900
677162557
-1121801128
320934256
-1655485607
462672357
-280507015
2042973391
-1112187590
1447826897
-2061203905
-671478155
2108895598
-834443706
1816447061
-1980606276
-997372732
-1843639078
-721788937
-34599377
-555416502
-1950385223
5453594
1252667825
-1378134249
-1320118195
-418272790
1344334451
-850809263
-695058495
-1716574727
1054492093
1886893511
629742030
261135736
-1841945214
-144687637
1117624006
362203766
934199517
1170824391
-1952442740
1647748235
-568372107
129152734
1853975350
-504198931
1629221545
-1077453121
1930124613
1625853202
925947344
1837640139
-683385284
1194271662
-634178911
-592531844
212437555
1069136737
4714603
1425643707
630538847
-978716080
-258287668
1524067246
1237767528
-1582334771
-1323468178
-1178776654
1033182727
-2035990316
892342772
-1128101456
-129385458
643955272
-361741336
-819048863
1826647702
-359723210
418487892
-1990739678
755900905
-1771126182
1632827764
-236383810
593205188
1587386550
235847242
70935817
-294373249
-1715628870
773356182
46680448
588551075
-2127305656
1995042161
-619669834
-172501817
1703417434
2034700443
-1716368007
-37363850
166564271
398642311
-201070840
1523397193
-177784309
1053672239
301788003
1642427069
-1637806649
-1696206916
-1880265386
572259031
973967561
197026700
-606104634
694479590
-915286915
2034941259
-848807195
2046503207
533139528
1459054098
-1660529103
-199501876
1639868663
-1780425774
-761674020
-1800372310
1656725129
-1235930254
-1390079193
-721966092
874090068
1553967959
1666691323
-989043305
1171599693
1290736397
297207457
-197464226
1584055397
1314772076
1036413590
1341601157
-1206942440
-1526088978
-886286930
1783868206
-964711074
1200846688
-787739489
-1361204555
-1735703267
-1014066815
834491142
-1206116537
1596010376
1888806989
2055200034
-1934608199
-337195354
689827752
-353890589
-125985870
45762298
-313786437
-1308310186
1388575447
779325526
-1442759060
1475668947
-613002262
1273109671
2003858896
-1326440863
725130498
-1682154014
-1602136035
-183152009
225997524
-917140248
-807280703
-921979999
-1111587032
-547246219
-2048474303
114168115
1542296992
820665007
-1929602474
-348892803
1411725984
-1766709773
-1220328516
-1158775477
1840508589
537242842
1131813857
433337205
1847813390
-1139526887
37425994
990884637
-320753420
1840220727
-1032074787
1251480777
1513727806
-1158838031
1823543600
348839127
-906267248
-11679573
137866153
-779152511
-1417464684
2058714169
-850682897
-900923795
-36017078
-1100422844
1930234050
110776230
-258916186
1808548342
110131399
120719559
79544972
149042782
596136036
5343556
86523691
-1437233188
1366531186
241286989
505513026
-618019483
-1202864766
655693986
-1478199275
-1729274865
-1225347359
128634460
756409974
1587555718
-273854311
105967480
706347248
-2023904835
-311566064
738827576
1204374153
-999454156
1434368952
939846417
603600184
-401572620
-2041356353
1669572098
-1332813399
141093852
-843332685
1474663192
-157980392
1995882511
612423746
-1396281803
-1563575558
-68033505
1064611869
-270935951
1159792148
-659995392
461093985
913344855
-1217077221
-1225558231
-1467409977
1265471583
-1330442186
1856019862
-140031964
-1182893922
-1814192979
1160830728
-506044212
1962679946
696648685
-1004252006
1407670937
-1426346043
-1875053027
-1201845658
-1996536972
43252346
686027152
-913004672
308848072
-734923198
-1410782169
-21044619
-799937821
1367241710
1685975884
-2064391519
-16526117
829573785
375955462
658065332
-816920560
1529005883
649231967
-1448197558
-237547850
-1099659557
912254344
60920807
-980576708
2121817327
-1219687705
-1456077815
-1903441101
-354045527
-559389572
-1606654630
-188163247
2024774958
1841694193
2057398570
1987638509
-547762008
-1499166402
-290345253
1901784829
-1448471271
-1318932918
1116999706
-1979077245
-233421888
-1264108310
412917422
1654145954
-306785814
488504217
-864571177
2036161729
2145935291
-660810932
-242727196
-474502002
967422765
219171032
-1784669565
250286899
-813871773
881538789
-296183755
-1203621827
-1334319883
-1765645576
1183840829
-955961669
-487122384
680085526
500009656
-869561666
136040707
1263707594
-1784353390
420361992
966397062
855015578
47791472
-185543822
-1117938603
310513985
-1784486618
334943903
1175258931
-700390203
264811314
1961637912
1024075568
-947733795
-367036758
2036924741
1189143655
1681241204
-635811709
-631410627
2098962998
-975210050
668058576
1786119459
1884073871
181003853
1854618779
-2078749496
-1035924800
834133574
-570097971
-1862236308
663270718
-900948581
469677805
1290028825
-695696563
-1831260949
-1992458250
-1953196904
1509327446
483672480
1287487688
291396955
702156522
491326670
-381906953
-1312199636
-984905329
-345010342
-689724081
-1769804751
842678909
-1719340201
-2135064620
-847083865
621076196
1301083979
2121255820
133863370
2142766997
-673949306
496527548
-406554795
-494399713
1194944473
-1445396516
369810179
-1346253742
-973748537
-1077067201
2065846032
-1958011180
47301201
-535434918
976542388
-480765282
972316171
-1784565045
958133423
-1642467575
753134464
-78249093
1386515649
193187651
2132626655
-2071967891
-478299132
792419897
-2030828866
788040481
499569519
365575804
-2037032057
233155379
1531074691
832696979
1388472893
-973310002
907043112
-1385113247
912458243
-1177179528
-1433648046
-418970347
2134033822
1972726474
-1296992695
-161208709
-536920349
