206408292
1242753422
-575860116
-1450478233
-548794915
-1313132849
-1094281537
-835681642
1036260242
-927722504
-1983682445
1769139608
-589797200
-1885398458
-1440490672
-1229794300
-1782406817
-35230987
-1806044632
-1971482467
409874833
1296010976
-887083677
1057826097
-1466585609
-326345609
637398623
922415636
-208895802
-1040235125
-261952166
-1473866306
500091790
1789464389
-1965729677
994531820
505541072
1763123834
-1269615671
231571155
1977986360
357268087
-1432943577
-836361661
-1530316279
-506945529
1437414392
-224594486
-1405561851
610145155
-1010213475
-1422269562
865841619
1804254398
-1599745409
-2071209481
-1684590684
-57129071
2075513227
516255390
1099943330
226864803
1693867473
-1058292729
1035989769
-1830035962
1286652258
-1616509074
334487185
1938970677
-1027246687
381608211
873647983
1490722730
-733436365
757192338
-571045775
-1744133359
901093457
-775944589
-1493881167
1733370687
171244876
-827846062
-1355722994
638843177
-249001243
-1043770427
-72483136
-2085904668
1234100728
1077187656
171745434
-200442894
-1423136452
-1844511712
-1154421262
-270254449
495104857
-1385253892
628532138
-850341909
374548107
2024225224
135674997
-754380981
-1157259239
601982045
205757560
1569269766
1235513457
1609561108
-1240821886
450750612
-1823859277
363051918
1437670564
-948834944
-1253334657
-1846794704
-548892170
-1520047367
1578511955
-1046128344
1673839462
-144223444
-1200602756
644773508
-1094693817
1891708850
-1429223358
2124305713
477868956
-1215279107
-1786838205
16471465
495873680
-1878368145
-1822798279
-1262193084
1683871868
918768569
1667167530
-1206251655
1332174125
-1677890763
-961630258
481078617
-863789268
1135054473
418846436
-1808822036
1080220681
-1116996166
50279471
1715757473
-1324693246
1537693581
1892573049
1143300156
-529460923
-980505985
-568999333
-488561954
994311222
1115008869
1681236525
776791736
420785859
-924715938
-81853248
147793108
-305958474
707503816
-1172304807
-170307940
-1004471501
1650747866
1009972597
1909548430
308722136
-1471268707
-472361690
-1381030397
1037700190
306997218
-189446036
-611721604
1102788128
-500870338
-309161394
680876071
-1796111904
426109248
1902309771
-2072136063
-1884748019
-780392740
774147580
-275870501
15109129
-420814168
826886018
534387800
-821828985
-1408250567
1135022067
-898769143
1957699361
-1170060585
-1613571936
1700267979
535833455
1886401530
-62176152
1618649205
-858976649
-457442569
-562969182
696136740
-1246812331
1761724595
613075788
-1047409241
904569551
761949477
-1554701532
-1028636972
351997371
-2100651931
1289917199
1372031110
-284269751
-41818045
-2015908346
-1978223685
1756552021
2137523324
-992133456
-176093168
393595407
1405963244
1548258635
-609732639
-922730961
1292607736
1985990994
-2109641757
-487838327
-254615388
-1506800148
-813123130
-1600246075
1092142194
1999732754
1574568809
-408681267
743778422
-229549120
1606458063
1933571084
-1855603601
1969330964
713969100
-1545722756
1838839842
2063350927
1063745368
-1613035581
1920779369
-1366572537
1158111045
2034105333
1605570409
593106686
-2084803467
1075225951
-551289524
1395041054
-2133128361
1786015195
-569085083
-1760967947
-1022882591
1530693294
-367258491
-923110126
164231129
1820053312
768235243
69709896
1988878053
-506691555
1820108589
-352609228
715297109
-47943314
-802401016
-1257123550
-1989878704
1859131067
-395055455
-1034048959
-1364786031
-349873057
360325788
-946875369
1240324738
-2125180871
188050993
265721107
155363938
227816735
-892494762
-1416836700
-891178249
-969984600
958082058
-1796185225
1441262574
311485334
1948347613
2024327636
-1908816798
493853087
-1876325160
-259194677
1614935987
-1895381015
-297585017
541525448
-2044897170
272541785
-64201758
44780932
302543717
-1952897788
-390653121
1708346622
-1214739016
-156273787
1918933938
-1735190262
727386491
-1218836014
651007907
-976878639
1728099416
-1071194769
1456607391
-1248178328
-451572624
744494142
-385504278
-95463821
-382823933
-980548438
-1135443047
640290341
-817789618
199884648
1881858648
-965030578
-982614837
-1509011751
-1616808105
-1547409082
567253973
683880570
-157837611
1738749202
-941910532
-1599783903
333748940
-521109101
1581110079
2141342281
107073982
-1815537309
-789187033
1097337577
-1890698855
-764427410
-954199364
-1127644509
1583616409
-1546318325
344463104
57134167
-1397591713
-1845641073
-398410713
1804175681
-225391199
-1117380082
1931373091
1855390435
-1346351373
162206277
631641732
1547931880
-1403459449
-874050008
1039894938
945769746
1491990547
-888973063
1797873305
-223664348
1375833001
-452613253
1543071655
1803302735
-1054337978
1463762015
-729641179
943268313
1958868412
756200322
-1839011670
-382670365
-294124778
-1016069492
790506259
1964475532
618772966
1852235558
-399310256
-662075834
1021501006
665446237
-992595811
1640598682
-1807032320
1690201460
-87265929
-38317576
-1999247352
-794754774
2094675175
1326193460
-487594800
1228602006
1658094508
-1692867513
965098867
-645814609
95932029
1594039556
1725649449
57009081
-400660389
-220256658
-760317115
1435769364
-888634586
-1389169949
1169001931
-572425499
2025994647
-2038201984
-1076528260
-145845529
2078432527
1720145168
168552699
-844746554
1037924127
-1458957147
324337304
2093992123
1381360847
-350976049
-1961966741
-1442614223
484865716
667061024
103270116
-2073306199
1509896408
-1657331108
-1941555847
-957764944
-68178106
97160
-576768591
1215149965
-2033754550
-1868364076
558098837
-221081118
-41196029
1563655519
962351756
-1906865627
-1285776385
-1001888262
812704318
1715267710
-2058562199
-536758086
