-1198053682
1838287481
-823289176
106999810
1575721288
-1399655961
-521391694
167712059
1461168404
776215920
1041598186
-437923749
2027766728
-717176280
-680469917
1037087838
1536120126
-1952373596
-394888020
1176909474
1906982021
1896757057
1708825352
660587734
-430614239
97041654
1974670922
1686032607
551150887
8026264
-1248970419
-232847353
1018904820
-545838164
-1102971772
390111093
-648655195
1385559430
126465771
-57139895
-1026828210
1539034869
-132970095
-1980862782
-1495342946
-1151908168
-643382926
532483970
64650966
-1157861272
-928652262
-503697734
1672042794
-1722081913
914190520
139439042
-944687885
825771415
1727250698
-476154292
1886607888
-1985168953
203947449
-572273113
-504118908
308394245
554040190
-1010105579
1310702262
-317101436
-526962881
-2087591713
746359617
-914454240
-1770953575
-792216067
24821612
-1427558574
2135249575
-807992609
1372648821
-1579708362
889769925
-303400843
975136960
-594033307
-1514346601
-246072259
-878700395
1781044047
-166329517
-1086681685
-2142143581
-119793785
1612497300
-542977975
904348654
1799256693
201050139
2114303925
-1822079291
-1371410764
-1959660676
-1407236472
734016098
1197406548
486785973
-1909359885
474347602
1659378444
-799984044
-933102703
-858895096
164435666
600802872
-1529963581
264838559
-2053377677
876050348
-1132616325
80311485
1060870744
140183847
-939753030
-1511748976
1572686170
1373876054
1547550991
1194784900
818396480
-1722354143
-228412973
24590457
1541513159
1552755878
242737488
-1567841125
1118156408
-1930499497
-1253699706
-128639056
-1357186736
-188136141
872189150
-2087178856
569225544
-841207679
1714484330
-66718704
638261484
-1595691474
460005838
-304777290
-748335985
-2129792796
1447373689
1960661266
-1115342801
-1935353457
-1601882833
-975501693
506680683
1570459379
-569687387
953559225
1457114869
-1566761289
919398652
1074819837
880340850
-291505885
1974524010
656246147
-2043398348
583590896
75037216
-395836281
-1302408557
-1221873007
-1008337863
135395812
62151030
883974991
-1106751548
-826501406
903271450
43988931
-1973246012
820922659
483718904
1093964023
1813351737
472314774
158726543
-471491781
774872664
1524232788
-121493913
-699655961
-661523334
1090406849
-1974623164
536014979
-1838505706
-1702427767
-1463754933
-15876179
-1450603798
-1713521748
1279779310
-1839532692
-557591345
-2031514252
2090954871
500649010
-416441573
1121934633
-406116957
25473924
27703572
-1631273193
-861967212
901540442
72102139
-1548197223
-128283645
-1406961647
460483473
-2113191570
477795180
1196748277
-611305716
-798130252
568756083
-976236534
1881549294
-1917036306
1678665553
-612568967
-2119661240
-948590424
1735981902
86458002
1599812624
915579579
183233404
-1995621005
629927981
-633843084
-77583321
-1061735351
1286616136
243439881
-242259854
1976639939
-1796457803
-1365963456
1237896315
-815421988
-948646328
1176432303
-1221049496
742831041
703158217
-56938641
786103087
-620390106
2005601822
2053848153
-811403826
1503524276
-1977384104
-185845443
1619994441
674883510
-1566780659
-234212619
-1471426379
-98983238
-1990058121
-536033212
1112718658
1059924089
1420203615
-806074741
1618901969
-821433869
-2085352214
-1000596591
64204094
1952297342
1200606424
1799698209
-1864679195
-1382558987
291282629
-872287392
-1945137921
1076616746
-340706043
2061251628
-1399657090
-126252430
520000744
973066001
1897235990
225107032
-1674330820
-901209200
959225259
-1514987154
-84599677
-213526308
-437210319
-110708269
922681201
-568152121
2014097044
-712829836
-1474935495
1281896431
1196088876
-931365373
-1735853973
247235842
-160083183
-1176095482
1966288830
-740763439
2060919279
1923892554
-917232393
160185478
-899078871
441265978
265352569
330769549
2078822084
573680287
1482585437
-1050413912
-764965658
-849815516
-88708097
-1018826099
-648357398
-1885403585
-139630570
-154391122
-1193590933
2122825042
-2074002461
-129595981
289698626
-243164480
-1962363433
1052476208
-282951734
46046444
1697009291
2128491547
1220671657
441194187
-1186786760
1886129121
264930182
1175231552
1803433595
1168213997
1926472655
-1392414751
1586170075
1410560890
1946628181
-729052588
-1293849208
211550154
894376274
-251112252
880266046
-2012226551
1077142306
-340842360
264524405
-991706942
1344694823
-1847695376
-1413732114
2062771921
-1445721605
-1995898562
127709611
322503803
-1483926694
-1787319512
-1326975547
1912607855
2774497
-1810433619
1555427857
688608757
-1747174640
-228894210
345526191
-1494033240
-1157263195
-299793344
-1842695053
1651632002
-506456344
-38137051
1993364004
-2086448312
788217088
-490769955
-224939581
671056411
1058235755
-125999437
-1041594153
-1643682071
-170985332
1800719772
-1569466986
-1561938881
-1953597000
2061477858
1943301011
1415249965
-1158767567
-1013918553
1769993505
150503432
682217487
-714719852
1694331190
1093481735
750823275
-1557952978
58131475
-2032367595
-1388118588
-1036932860
871251540
2023731077
128378747
-492506690
1320194612
-911351427
718069869
745069513
-1830645177
57027363
-886329206
-130681197
-734881352
1445978043
1194669678
-438956233
606877282
1596074097
1775098665
1126571185
2141807820
1428398963
-915631795
-1401779422
-797597874
-150616679
-1181231327
-1666278842
-93116611
-1690610899
2142943337
128267188
-1989428279
-2137675247
-598935738
100202987
-708816052
1251175659
-1808091524
-1211805707
-331867585
-1554920446
123802453
1668266281
66956834
-1631996274
264627729
-969325643
-1375065163
-1783843328
-424674373
1197371634
-609150588
582926770
-1353229178
-1421289342
1943342616
-537034496
-1198053682
1838287481
-823289176
106999810
1575721288
-1399655961
-521391694
167712059
1461168404
776215920
1041598186
-437923749
2027766728
-717176280
-680469917
1037087838
1536120126
-1952373596
-394888020
1176909474
1906982021
1896757057
1708825352
660587734
-430614239
97041654
1974670922
1686032607
551150887
8026264
-1248970419
-232847353
1018904820
-545838164
-1102971772
390111093
-648655195
1385559430
126465771
-57139895
-1026828210
1539034869
-132970095
-1980862782
-1495342946
-1151908168
-643382926
532483970
64650966
-1157861272
-928652262
-503697734
1672042794
-1722081913
914190520
139439042
-944687885
825771415
1727250698
-476154292
1886607888
-1985168953
203947449
-572273113
-504118908
308394245
554040190
-1010105579
1310702262
-317101436
-526962881
-2087591713
746359617
-914454240
-1770953575
-792216067
24821612
-1427558574
2135249575
-807992609
1372648821
-1579708362
889769925
-303400843
975136960
-594033307
-1514346601
-246072259
-878700395
1781044047
-166329517
-1086681685
-2142143581
-119793785
1612497300
-542977975
904348654
1799256693
201050139
2114303925
-1822079291
-1371410764
-1959660676
-1407236472
734016098
1197406548
486785973
-1909359885
474347602
1659378444
-799984044
-933102703
-858895096
164435666
600802872
-1529963581
264838559
-2053377677
876050348
-1132616325
80311485
1060870744
140183847
-939753030
-1511748976
1572686170
1373876054
1547550991
1194784900
818396480
-1722354143
-228412973
24590457
1541513159
1552755878
242737488
-1567841125
1118156408
-1930499497
-1253699706
-128639056
-1357186736
-188136141
872189150
-2087178856
569225544
-841207679
1714484330
-66718704
638261484
-1595691474
460005838
-304777290
-748335985
-2129792796
1447373689
1960661266
-1115342801
-1935353457
-1601882833
-975501693
506680683
1570459379
-569687387
953559225
1457114869
-1566761289
919398652
1074819837
880340850
-291505885
1974524010
656246147
-2043398348
583590896
75037216
-395836281
-1302408557
-1221873007
-1008337863
135395812
62151030
883974991
-1106751548
-826501406
903271450
43988931
-1973246012
820922659
483718904
1093964023
1813351737
472314774
158726543
-471491781
774872664
1524232788
-121493913
-699655961
-661523334
1090406849
-1974623164
536014979
-1838505706
-1702427767
-1463754933
-15876179
-1450603798
-1713521748
1279779310
-1839532692
-557591345
-2031514252
2090954871
500649010
-416441573
1121934633
-406116957
25473924
27703572
-1631273193
-861967212
901540442
72102139
-1548197223
-128283645
-1406961647
460483473
-2113191570
477795180
1196748277
-611305716
-798130252
568756083
-976236534
1881549294
-1917036306
1678665553
-612568967
-2119661240
-948590424
1735981902
86458002
1599812624
915579579
183233404
-1995621005
629927981
-633843084
-77583321
-1061735351
1286616136
243439881
-242259854
1976639939
-1796457803
-1365963456
1237896315
-815421988
-948646328
1176432303
-1221049496
742831041
703158217
-56938641
786103087
-620390106
2005601822
2053848153
-811403826
1503524276
-1977384104
-185845443
1619994441
674883510
-1566780659
-234212619
-1471426379
-98983238
-1990058121
-536033212
1112718658
1059924089
1420203615
-806074741
1618901969
-821433869
-2085352214
-1000596591
64204094
1952297342
1200606424
1799698209
-1864679195
-1382558987
291282629
-872287392
-1945137921
1076616746
-340706043
2061251628
-1399657090
-126252430
520000744
973066001
1897235990
225107032
-1674330820
-901209200
959225259
-1514987154
-84599677
-213526308
-437210319
-110708269
922681201
-568152121
2014097044
-712829836
-1474935495
1281896431
1196088876
-931365373
-1735853973
247235842
-160083183
-1176095482
1966288830
-740763439
2060919279
1923892554
-917232393
160185478
-899078871
441265978
265352569
330769549
2078822084
573680287
1482585437
-1050413912
-764965658
-849815516
-88708097
-1018826099
-648357398
-1885403585
-139630570
-154391122
-1193590933
2122825042
-2074002461
-129595981
289698626
-243164480
-1962363433
1052476208
-282951734
46046444
1697009291
2128491547
1220671657
441194187
-1186786760
1886129121
264930182
1175231552
1803433595
1168213997
1926472655
-1392414751
1586170075
1410560890
1946628181
-729052588
-1293849208
211550154
894376274
-251112252
880266046
-2012226551
1077142306
-340842360
264524405
-991706942
1344694823
-1847695376
-1413732114
2062771921
-1445721605
-1995898562
127709611
322503803
-1483926694
-1787319512
-1326975547
1912607855
2774497
-1810433619
1555427857
688608757
-1747174640
-228894210
345526191
-1494033240
-1157263195
-299793344
-1842695053
1651632002
-506456344
-38137051
1993364004
-2086448312
788217088
-490769955
-224939581
671056411
1058235755
-125999437
-1041594153
-1643682071
-170985332
1800719772
-1569466986
-1561938881
-1953597000
2061477858
1943301011
1415249965
-1158767567
-1013918553
1769993505
150503432
682217487
-714719852
1694331190
1093481735
750823275
-1557952978
58131475
-2032367595
-1388118588
-1036932860
871251540
2023731077
128378747
-492506690
1320194612
-911351427
718069869
745069513
-1830645177
57027363
-886329206
-130681197
-734881352
1445978043
1194669678
-438956233
606877282
1596074097
1775098665
1126571185
2141807820
1428398963
-915631795
-1401779422
-797597874
-150616679
-1181231327
-1666278842
-93116611
-1690610899
2142943337
128267188
-1989428279
-2137675247
-598935738
100202987
-708816052
1251175659
-1808091524
-1211805707
-331867585
-1554920446
123802453
1668266281
66956834
-1631996274
264627729
-969325643
-1375065163
-1783843328
-424674373
1197371634
-609150588
582926770
-1353229178
-1421289342
1943342616
-537034496
