-1241262900
1917495514
-1974359909
408195695
1925663394
159359386
-968716095
1692410971
320365111
-1087070609
-429988784
350197411
91587878
-637289022
1935471100
1556869599
1877784494
-1406799389
380185340
220484271
1551152812
500749646
-1625802195
-646141666
-665086223
454870371
92704110
2095501963
-735950486
-1821608712
911120714
1806004271
1243532094
1126168883
-114735891
-128204428
802720292
218892808
-1719318082
-451769434
-1795241673
978304917
657940022
-817419249
566865934
1131044033
-1454639873
1769095582
568526422
956578746
1778582454
1159174237
-854406994
-1936463175
865183621
-1634989253
-1427156515
2031232024
-2067725822
-1823889422
1880073924
-207840781
1383811325
-1519178184
310018365
-1265997127
1297171350
-823993102
-1759284739
-40827834
609969570
-1312171120
1015618904
1338226032
1459213788
1065462118
-1382790305
228886508
843416661
-1696435845
-1105970463
-411496315
341260865
-1871508779
1144730687
-38224113
-1187143069
1521367186
-131303154
1738804718
28422557
1451197357
1918996007
315836446
1902226848
1131896232
342475343
1087497648
-808680195
-436648777
2020947327
1105616064
2117923845
905343503
620664337
994151999
904478410
776964854
-1797585741
1920368077
1425797974
-188640813
2077748270
-1828145236
-1041166808
538320316
-1989034426
-1446494942
-2078510694
-928472494
108547535
122205318
1339311727
-749207456
1375392475
-1320984975
1033411694
-1803272940
1649385733
878439990
-1921281935
287232552
-1624658562
-1878105768
-770016670
1412849295
1371265262
-181134417
1490984249
-267178414
652939629
-33730679
-1385452449
880005227
-1055234206
1788478779
-1878481252
-1489086856
163861871
1002776507
-1874058247
-980646246
-1904095819
-1498633179
-731317304
1426126866
2061152647
1302289227
-350325247
-1842568478
353551627
-1278587932
-555660256
-1654056208
1952706855
2133120859
63402635
-504740561
-2088353843
-1454903072
449893171
-2128867914
673455104
-708517874
-994116473
920360276
-1300328463
-1330467928
-389694800
-1674646327
1046722350
-1903464073
1555431335
1737498100
-1349549081
1888670023
1615629852
1255771973
-1857115421
983913851
168745399
2015218883
1972520656
-1133701447
-1052291547
1479497933
-2010431827
1131446704
-1630693665
923208096
726530751
-1290322359
361943507
1310687191
941619111
1135778118
-305497947
-2077867926
136841359
1576004917
600324030
1009328349
2002028399
1715576706
738400464
2073158142
-291436036
-639040871
1199698497
-1871157638
629994872
856911468
1137837643
-1673175404
-1191065323
-1843336172
845903528
966870703
-1959231853
-301037373
-1982209757
411227091
793069809
1171784709
-552967025
-260986556
2043831016
1059971697
2067603017
-239826348
-196060287
1650086071
-1245968007
1127743524
-1858962609
-1214689782
126037506
337014073
279501279
896487155
-296195546
1437229567
-661953425
-247428146
459284838
242291542
-182341915
-972002882
158074977
-1653615580
-1222354979
2146687261
-802483553
1460688862
1355842587
-1376747884
-491921583
-1513180099
-46475294
-242639431
-1732978132
-259159202
-578050155
1176749201
1407490710
472592429
806451763
1167780724
1859288449
1065606115
-860851747
1167189637
-289960340
1052771909
1554202749
-1630824992
2076184598
313712828
-210730607
-1682678599
1076287538
1179370852
-714650705
-451263143
-939905826
-371983484
-198951527
2077190652
-116165908
-240318474
-551528410
243864474
1956937499
1974802655
1401373908
331206572
-1516179934
-510455478
1270350173
-1463892469
-405064766
1189403461
1446990724
1783609274
-1700351969
420773653
-2106351797
-1404334496
-330524717
-2013803654
-297878484
2004768723
-93129296
-738937621
-939630412
-1725409557
-1086164465
-48812152
-836410340
-1859370389
1520193029
2104391249
-91983227
-2067543984
1544052940
-218686118
8031849
-44260456
1672090132
2005552673
-2135354386
1486738095
1682162753
-1672776701
-94246544
698314393
-1979183002
-323316964
2038717612
159794026
285926627
1223909495
1546322637
-383752062
1787171063
-2029147478
-1738019736
945893215
787136470
1342677844
-1754046224
-736065360
-257972521
-1183222535
274932605
-1840952213
-1958959234
1202771984
1740623758
884549375
158695649
-2035776626
-589531940
-352776195
-293747259
-985484987
-376242062
1333955760
-975280392
-687204537
376725139
1968383978
-1981740505
-941340235
1126194145
-1615557086
-962896083
-1517117831
903613204
-889631560
1284884751
1994000162
-574173465
-716233260
962300888
-579094500
-1940989437
-191456638
1235294234
-2127513772
-1180963347
1547358721
-2106698541
-224411711
-2014375551
-627538927
1786190373
561890064
1273018608
-1382924154
526296196
-1928096894
-1072438910
785893342
-1370071281
-1370392658
1156793480
198104032
1258718310
-456731946
669824911
-792965752
-871972657
1374337587
-535561661
2063421165
-1188613649
1968894211
-5502246
-2011064766
280850878
-676887721
1334590124
-1525953001
-641863899
1502523270
-77200461
-1513763024
-1591584455
1426442663
-124260473
1054483074
-1337678877
1095299918
-82195536
-1100839550
1622546545
178777401
-1520123701
1962130647
1608278572
367006301
-1153717412
1602747646
-1902026808
-107913543
1086977011
-1752296307
1828541015
-1861571418
1006779002
1002182741
990009306
-543303906
1623229141
80718882
-1602100688
817999490
811243366
-1279748994
-1688193913
2126650376
1267369593
1110508004
-94369508
1959786582
-808421808
1201806856
-64085198
140528568
-798512140
1206905722
-20581042
620361236
-1658256553
259686581
1867912507
-1640804228
721554796
-1536423832
1613507398
704614701
1411566320
2028947207
-1583450875
-1004562004
914747566
-138301505
426285228
-1280246682
-536979686
