-1140380201
-1533817328
-1967894364
693879243
552521624
-608073910
1311184307
-520857501
1382461014
795282222
-373499232
-1062936273
-52581439
171005746
2111460599
-1420521230
1414044212
-540428759
1407158692
-1934928426
1914905703
-143412374
1706723478
1423234509
-640859075
56049515
1340482016
-375926151
-1787402725
-1512886029
635048528
-1865504143
1345632706
418666688
1080954026
8663003
1814094609
2046688650
-1216901058
-634201915
274481159
-136480979
1919654424
53203196
254693091
-1631873845
350236262
-803966705
1303499868
-437336920
-1862017074
-291402201
608779893
2117132781
1315857152
1462564059
1574459108
-36945606
1309449969
-2145312612
-1274615965
1063021965
898326003
1848392186
-1799236328
711081672
-604220744
-2046342987
2084810589
2081180074
-2026785604
1873688811
-1584515617
-1835057807
-1684816179
-752489604
55257870
841633168
1954856407
663337351
725635727
-167822025
628930156
-2123024112
850373319
1872254600
1417844231
1013401445
-62272945
1753666352
-1996162394
-1757182715
1220998876
2000882867
114569198
620343233
-1818888204
-1720790407
576205860
1576562816
1983726966
1679777399
68621107
-2084500302
-1265876363
61362379
-2140018915
1287281345
1145483481
-839867758
1959253875
238621892
581604840
403204512
155559622
2140784326
1134327273
1966027421
-1325600496
124020370
1179205719
2061984300
1277820687
-2055113945
-1655266326
-100565741
1161081765
-824468586
144121359
-656513260
-840081642
-1686383802
1409677588
676729972
175406864
-666087317
-1107806090
-1145895834
1036524466
-2129165860
963647251
1381129639
-1615674277
-1059383137
356163144
1233706536
768414445
2033848392
637434759
-376325197
1091007730
98591146
1438713831
-506394860
-917096570
2000576750
-1932182479
-673373952
2144661541
-330859014
803774570
1069743011
-122054126
-159775014
689282453
1434796758
-1338055984
718847632
544327146
-1705669631
1377243962
2043702078
135029132
-899238929
-1008918172
-1654561065
1965763076
-1521188109
119249547
-2052848533
1802408710
-1206905297
-5530966
-790840595
1337775021
-1628875934
1935459555
643966296
-318360713
522642166
1934038560
1633392546
139561277
-1972186483
669385229
2142144988
-4074301
-598490625
-1797598165
-711329947
-2078775467
-805730834
-1030863173
-840934314
1343948389
-295826747
-1333017387
-814513641
-1044753779
41234371
160805392
2104079057
-792953244
-1188917455
-112585715
-258010712
1762734426
-1273766933
-1532549673
-1682314644
65406848
-267914387
-1319922212
-1600284917
1894134695
-815734183
579569629
377151717
-1886373215
2038954527
1479824
365962429
-324755617
1537225354
-463595707
-423882574
100252241
928032927
-136962585
-485749684
512118212
-1569968473
1417755888
655447977
-1082421203
818600225
-934658619
-320255866
20532817
-855212949
76897428
-273322403
-593315175
1013182722
1355847864
1038973717
145335942
1595573606
746184357
-1468133969
-1793044580
324540335
1799979605
-1419221649
1436062113
-1342531563
-1211275921
-464588748
-1720881383
1244987330
-1240259284
-1456662806
1484807789
1669493401
-683403496
2125855086
42919660
-1099606451
-277930203
715192362
1694321695
1198067583
662418391
-1348386893
-436756498
-1092690042
-2121000552
-2141984112
-144329148
795788482
-1832445163
1349504156
1290667441
-403396473
769649794
2023395393
-1484555636
-1013259760
-1459048279
582544926
-1171070465
1403155424
619892553
1508937576
1262213951
1444397886
1111792117
-1417765141
-1053445183
2064123878
1632577383
-1445273381
1959600857
1648937523
-93834993
1789768894
2144937423
-597996203
-1284730307
-1460708393
1645317478
1538902382
-233768089
1927497020
-2023020587
-255538176
-416834206
1580655951
1777441262
279970906
-1902044146
-617625061
-349293695
-1695606166
1343296556
-1736914384
-5013348
-1727173633
1801865078
-1530839989
-1913608430
18808965
-2044456847
-741861250
1652656933
-169861124
1547484198
-29989856
-132921695
2083191794
972401140
1155575339
119797432
1342445129
787784704
1915109361
1702580530
-1188775951
-1995556477
-1795883929
1297905601
-1076352889
-37562399
-1328724377
249853917
2138248620
1446023045
-1421721128
-580790732
3747643
-2006643974
-1433869707
-1033356844
1375920017
199074005
-667620495
-406407527
-1982639665
-2052849444
18010864
-1875809897
-1214111909
-677274666
1572030825
-2130324803
-751771287
2107871483
-1864924006
985142414
-991723554
1117627130
-730409842
447527102
1129178067
1605392932
1654777567
603817787
-2043536700
1622833001
-1927988079
880082600
-742196623
-1919145684
-289455654
1654382628
-1366667994
372898646
1054489437
-498464969
-1876402054
886098121
1008718002
510859097
-2004013321
1856071273
-1543816895
1281456860
-1374603409
-1117852885
-1501695804
-556108332
-1971881916
-960082293
-2133661761
-911644237
-526925615
-1395868676
179756437
1004192608
-170400788
1098873804
-2101869916
1412981943
1853421758
2015095780
1527583149
40471722
-53055234
-335070175
1225852250
1196379312
-267713150
756253750
1956247248
-1164603242
1602097982
720531287
-1772656963
458429980
-1759616719
141906341
1316929891
88859159
1343756296
-409490848
-317213216
989249386
-964137160
-493831901
-1522564768
455490526
-2135058690
-806101955
-1966035350
-187260827
587627697
272457863
119930896
396170933
1391672205
-443674512
642305715
-425067114
-1556675501
-2100993310
248068459
1717035763
-381506557
-873637581
471564511
297141192
1195111687
615557651
605067319
458678776
1071243525
-1204005520
-1610370350
714551783
953888744
1965025495
-747659876
1912638340
-1812410641
727561975
-1453444898
-631068199
-1719867897
-2002861420
1260132130
-536761087
-1140380201
-1533817328
-1967894364
693879243
552521624
-608073910
1311184307
-520857501
1382461014
795282222
-373499232
-1062936273
-52581439
171005746
2111460599
-1420521230
1414044212
-540428759
1407158692
-1934928426
1914905703
-143412374
1706723478
1423234509
-640859075
56049515
1340482016
-375926151
-1787402725
-1512886029
635048528
-1865504143
1345632706
418666688
1080954026
8663003
1814094609
2046688650
-1216901058
-634201915
274481159
-136480979
1919654424
53203196
254693091
-1631873845
350236262
-803966705
1303499868
-437336920
-1862017074
-291402201
608779893
2117132781
1315857152
1462564059
1574459108
-36945606
1309449969
-2145312612
-1274615965
1063021965
898326003
1848392186
-1799236328
711081672
-604220744
-2046342987
2084810589
2081180074
-2026785604
1873688811
-1584515617
-1835057807
-1684816179
-752489604
55257870
841633168
1954856407
663337351
725635727
-167822025
628930156
-2123024112
850373319
1872254600
1417844231
1013401445
-62272945
1753666352
-1996162394
-1757182715
1220998876
2000882867
114569198
620343233
-1818888204
-1720790407
576205860
1576562816
1983726966
1679777399
68621107
-2084500302
-1265876363
61362379
-2140018915
1287281345
1145483481
-839867758
1959253875
238621892
581604840
403204512
155559622
2140784326
1134327273
1966027421
-1325600496
124020370
1179205719
2061984300
1277820687
-2055113945
-1655266326
-100565741
1161081765
-824468586
144121359
-656513260
-840081642
-1686383802
1409677588
676729972
175406864
-666087317
-1107806090
-1145895834
1036524466
-2129165860
963647251
1381129639
-1615674277
-1059383137
356163144
1233706536
768414445
2033848392
637434759
-376325197
1091007730
98591146
1438713831
-506394860
-917096570
2000576750
-1932182479
-673373952
2144661541
-330859014
803774570
1069743011
-122054126
-159775014
689282453
1434796758
-1338055984
718847632
544327146
-1705669631
1377243962
2043702078
135029132
-899238929
-1008918172
-1654561065
1965763076
-1521188109
119249547
-2052848533
1802408710
-1206905297
-5530966
-790840595
1337775021
-1628875934
1935459555
643966296
-318360713
522642166
1934038560
1633392546
139561277
-1972186483
669385229
2142144988
-4074301
-598490625
-1797598165
-711329947
-2078775467
-805730834
-1030863173
-840934314
1343948389
-295826747
-1333017387
-814513641
-1044753779
41234371
160805392
2104079057
-792953244
-1188917455
-112585715
-258010712
1762734426
-1273766933
-1532549673
-1682314644
65406848
-267914387
-1319922212
-1600284917
1894134695
-815734183
579569629
377151717
-1886373215
2038954527
1479824
365962429
-324755617
1537225354
-463595707
-423882574
100252241
928032927
-136962585
-485749684
512118212
-1569968473
1417755888
655447977
-1082421203
818600225
-934658619
-320255866
20532817
-855212949
76897428
-273322403
-593315175
1013182722
1355847864
1038973717
145335942
1595573606
746184357
-1468133969
-1793044580
324540335
1799979605
-1419221649
1436062113
-1342531563
-1211275921
-464588748
-1720881383
1244987330
-1240259284
-1456662806
1484807789
1669493401
-683403496
2125855086
42919660
-1099606451
-277930203
715192362
1694321695
1198067583
662418391
-1348386893
-436756498
-1092690042
-2121000552
-2141984112
-144329148
795788482
-1832445163
1349504156
1290667441
-403396473
769649794
2023395393
-1484555636
-1013259760
-1459048279
582544926
-1171070465
1403155424
619892553
1508937576
1262213951
1444397886
1111792117
-1417765141
-1053445183
2064123878
1632577383
-1445273381
1959600857
1648937523
-93834993
1789768894
2144937423
-597996203
-1284730307
-1460708393
1645317478
1538902382
-233768089
1927497020
-2023020587
-255538176
-416834206
1580655951
1777441262
279970906
-1902044146
-617625061
-349293695
-1695606166
1343296556
-1736914384
-5013348
-1727173633
1801865078
-1530839989
-1913608430
18808965
-2044456847
-741861250
1652656933
-169861124
1547484198
-29989856
-132921695
2083191794
972401140
1155575339
119797432
1342445129
787784704
1915109361
1702580530
-1188775951
-1995556477
-1795883929
1297905601
-1076352889
-37562399
-1328724377
249853917
2138248620
1446023045
-1421721128
-580790732
3747643
-2006643974
-1433869707
-1033356844
1375920017
199074005
-667620495
-406407527
-1982639665
-2052849444
18010864
-1875809897
-1214111909
-677274666
1572030825
-2130324803
-751771287
2107871483
-1864924006
985142414
-991723554
1117627130
-730409842
447527102
1129178067
1605392932
1654777567
603817787
-2043536700
1622833001
-1927988079
880082600
-742196623
-1919145684
-289455654
1654382628
-1366667994
372898646
1054489437
-498464969
-1876402054
886098121
1008718002
510859097
-2004013321
1856071273
-1543816895
1281456860
-1374603409
-1117852885
-1501695804
-556108332
-1971881916
-960082293
-2133661761
-911644237
-526925615
-1395868676
179756437
1004192608
-170400788
1098873804
-2101869916
1412981943
1853421758
2015095780
1527583149
40471722
-53055234
-335070175
1225852250
1196379312
-267713150
756253750
1956247248
-1164603242
1602097982
720531287
-1772656963
458429980
-1759616719
141906341
1316929891
88859159
1343756296
-409490848
-317213216
989249386
-964137160
-493831901
-1522564768
455490526
-2135058690
-806101955
-1966035350
-187260827
587627697
272457863
119930896
396170933
1391672205
-443674512
642305715
-425067114
-1556675501
-2100993310
248068459
1717035763
-381506557
-873637581
471564511
297141192
1195111687
615557651
605067319
458678776
1071243525
-1204005520
-1610370350
714551783
953888744
1965025495
-747659876
1912638340
-1812410641
727561975
-1453444898
-631068199
-1719867897
-2002861420
1260132130
-536761087
