1473767509
-503075507
761617299
1952113562
-1896647047
-402808428
1285332833
591036975
-147453114
-1041894162
141151135
-2008230081
-1430200454
28396603
-549727977
189146516
-549241776
1916008974
1926358716
145090673
1291146139
774710277
-680810301
-1944035504
-10457890
-979615385
-1526518689
-1331750883
-524958816
1589524845
-634533051
-1360728342
1917010796
-1402255618
1846893754
1570245097
-1510443598
-1663515614
-1933846560
-1820196938
115087246
1519427835
115262140
-1402604611
98165758
-1990007189
500397602
-1817119522
1175592818
926263713
-1202784325
1158147300
-900668900
-1486623486
-1904920410
2024867051
1217900592
1216329111
665069456
-862360313
1276256496
2108401716
-784884824
-929909269
-332887909
1599486595
-1577202810
-1755591298
-2059940741
-1103933957
-1496447387
-205138654
973345444
-700855522
-322978214
-1341993957
-1164365145
-1076364904
1503087016
-951820320
1374767042
668762250
1210908406
-507191619
1149041372
492313981
-1015093757
1523336638
-1386027844
769817278
1047115236
-1140178772
1087494585
-594458141
541675109
267752223
1242210126
-963692230
1061280469
-826756141
305277464
-474318100
-1715339970
-653456859
-1437380677
624421047
676174804
-198545149
-1037105322
-1856092949
351089761
-911450739
115021942
-1646636948
-1876753919
849595190
-1064536776
753720282
-1454756189
1877831998
1967086297
-24213409
2147075067
-1921892397
671147967
1053504134
-41542677
-431383556
-532273536
-750559267
156511668
1184787109
285636313
472451738
33346227
2120802971
-1530277727
1736763628
1179471354
1344343165
-377748939
759323904
253787333
-351786713
-2063843765
734248278
1783833048
-1781210899
842060318
-1916705264
-1472847250
862667308
2131061633
2139317310
-1098649061
1790075902
1340716896
1284942185
647166718
-754242943
-390276455
1305712194
-1271080960
-1645438025
-154799863
1458550312
-1437486068
-644151233
1813683641
1982552055
-884758471
2033250147
956634491
-267099389
901136595
1966617341
1189165388
989882914
-1239344139
1011075673
-2004898051
-1030396615
-1043516682
-2099595197
-370634701
-1107174257
-253395946
-310240453
-1673191279
-1995473115
1015446172
-348024395
-1879237233
511040201
185526387
-1295387998
-747807987
1497444555
56567324
2128385846
1917004996
-1228677157
1649099187
1892549534
1518537479
1277265548
966373001
-1143691502
-489926952
1385711923
-537629282
-713400520
1722477184
717727520
-290139052
-1913320996
947804255
-1868354976
544939278
-932062484
1517176365
717988914
-2032620394
-313970797
-1174373450
316547652
817345326
2089211805
-1384637322
-973414572
-2033039222
-984720980
-825268231
-1003922844
162641529
-1915486913
1228810834
-976390409
1071624699
-118697803
-431639289
159142303
1999828969
1377614912
1850790197
843160254
226901842
-1379667030
-509331171
-721071484
353486735
1405448398
36270468
1756419565
56039814
1237225039
1572591717
-344190042
-1207976550
-216107445
2032603202
260437871
-226197410
2104657917
-74163183
450109795
275696328
-893437077
664431161
-674418648
-2088755135
1787769337
-773742950
61648037
1771591195
-689724336
472632804
605375950
-629784295
-1951048455
2001956753
-767707466
524932135
-1379149851
-1407550363
514601859
1507178905
2118364273
-1403295222
-753074979
-1676209323
967874017
-730809059
187318333
-867372018
1112570472
933923099
-1862116064
2015750522
-1058868079
1706005979
-666633152
-221903358
-1352454274
-1081593309
-586762468
-763143835
369543624
-1464619823
590600812
-256299342
-614509606
1926522646
1433825868
1404000775
-237501859
-2039410599
-1949925838
-1096621809
166768983
-967830816
922644586
1463663660
-393967322
271676047
-626051101
-1776094381
1831437595
1638859149
-145459630
577141011
1765250883
133583152
1593187488
1988439231
-649717389
-8885329
1588045353
1286916110
-2143483810
-53711201
1471074737
-1089024688
-1936585585
1851637525
1881195781
1085416851
-1557330472
1043876159
-2021190510
347285568
-2040869139
1781053095
-1983300142
217351812
-12879186
-808417765
-946323841
450295595
-61150989
917509136
1381519970
-1022144779
-276316514
395320270
-1366950680
434761396
1706151204
369157231
-2067147905
299148262
-1922071411
-1703124256
-1673160673
-1871480190
-1037829306
1893389785
1731684521
-873008767
47894886
-1807517746
1041480999
-1296632380
-79314839
-485150409
-973963028
1775399644
-1474472377
-1902028779
-668364749
-1059239665
-372588339
175688681
-225177233
1786691245
-307791755
-855402337
-254261460
-1708058161
-547068369
89606075
-1493995722
1064814488
1994864982
1656033093
-107378140
499393736
1805186899
-1558869975
-1888437358
311022184
-984771076
2137826753
1970359947
-1233822166
1257190794
-619926308
-221198651
976807085
1664214648
494108312
-304412572
1845167846
-1364173626
1837800775
-1318748030
2113148399
-392245853
-1393446204
1486970003
1341040476
897889062
-841737091
-1900796765
183158504
1912086432
695845575
-1829551227
-925823740
-1518181282
-1227417793
499636323
425240292
-357239243
-1286522038
-27665805
1001104103
-420301548
614194835
1020917080
-52842560
1719818773
1066923729
-376384570
-1215349363
-1647443089
524566274
1741771281
-1745741740
-1902083882
1206946706
-1055415808
1463427120
-283173024
220199089
1101258758
-1075249880
1298427126
-2128509545
1443449176
1588687006
463088613
-1582867109
1196495167
-1748520535
1216055308
-281985785
-394361427
915929382
855193587
-1583095370
-271467273
1330148153
-1411001467
2004825850
678296768
2065861544
-1068588572
-1293622726
415113705
-134363317
1583375100
-323028728
440311985
-11939245
823938404
1337847695
144625830
-1320726614
1536958935
-536959675
1473767509
-503075507
761617299
1952113562
-1896647047
-402808428
1285332833
591036975
-147453114
-1041894162
141151135
-2008230081
-1430200454
28396603
-549727977
189146516
-549241776
1916008974
1926358716
145090673
1291146139
774710277
-680810301
-1944035504
-10457890
-979615385
-1526518689
-1331750883
-524958816
1589524845
-634533051
-1360728342
1917010796
-1402255618
1846893754
1570245097
-1510443598
-1663515614
-1933846560
-1820196938
115087246
1519427835
115262140
-1402604611
98165758
-1990007189
500397602
-1817119522
1175592818
926263713
-1202784325
1158147300
-900668900
-1486623486
-1904920410
2024867051
1217900592
1216329111
665069456
-862360313
1276256496
2108401716
-784884824
-929909269
-332887909
1599486595
-1577202810
-1755591298
-2059940741
-1103933957
-1496447387
-205138654
973345444
-700855522
-322978214
-1341993957
-1164365145
-1076364904
1503087016
-951820320
1374767042
668762250
1210908406
-507191619
1149041372
492313981
-1015093757
1523336638
-1386027844
769817278
1047115236
-1140178772
1087494585
-594458141
541675109
267752223
1242210126
-963692230
1061280469
-826756141
305277464
-474318100
-1715339970
-653456859
-1437380677
624421047
676174804
-198545149
-1037105322
-1856092949
351089761
-911450739
115021942
-1646636948
-1876753919
849595190
-1064536776
753720282
-1454756189
1877831998
1967086297
-24213409
2147075067
-1921892397
671147967
1053504134
-41542677
-431383556
-532273536
-750559267
156511668
1184787109
285636313
472451738
33346227
2120802971
-1530277727
1736763628
1179471354
1344343165
-377748939
759323904
253787333
-351786713
-2063843765
734248278
1783833048
-1781210899
842060318
-1916705264
-1472847250
862667308
2131061633
2139317310
-1098649061
1790075902
1340716896
1284942185
647166718
-754242943
-390276455
1305712194
-1271080960
-1645438025
-154799863
1458550312
-1437486068
-644151233
1813683641
1982552055
-884758471
2033250147
956634491
-267099389
901136595
1966617341
1189165388
989882914
-1239344139
1011075673
-2004898051
-1030396615
-1043516682
-2099595197
-370634701
-1107174257
-253395946
-310240453
-1673191279
-1995473115
1015446172
-348024395
-1879237233
511040201
185526387
-1295387998
-747807987
1497444555
56567324
2128385846
1917004996
-1228677157
1649099187
1892549534
1518537479
1277265548
966373001
-1143691502
-489926952
1385711923
-537629282
-713400520
1722477184
717727520
-290139052
-1913320996
947804255
-1868354976
544939278
-932062484
1517176365
717988914
-2032620394
-313970797
-1174373450
316547652
817345326
2089211805
-1384637322
-973414572
-2033039222
-984720980
-825268231
-1003922844
162641529
-1915486913
1228810834
-976390409
1071624699
-118697803
-431639289
159142303
1999828969
1377614912
1850790197
843160254
226901842
-1379667030
-509331171
-721071484
353486735
1405448398
36270468
1756419565
56039814
1237225039
1572591717
-344190042
-1207976550
-216107445
2032603202
260437871
-226197410
2104657917
-74163183
450109795
275696328
-893437077
664431161
-674418648
-2088755135
1787769337
-773742950
61648037
1771591195
-689724336
472632804
605375950
-629784295
-1951048455
2001956753
-767707466
524932135
-1379149851
-1407550363
514601859
1507178905
2118364273
-1403295222
-753074979
-1676209323
967874017
-730809059
187318333
-867372018
1112570472
933923099
-1862116064
2015750522
-1058868079
1706005979
-666633152
-221903358
-1352454274
-1081593309
-586762468
-763143835
369543624
-1464619823
590600812
-256299342
-614509606
1926522646
1433825868
1404000775
-237501859
-2039410599
-1949925838
-1096621809
166768983
-967830816
922644586
1463663660
-393967322
271676047
-626051101
-1776094381
1831437595
1638859149
-145459630
577141011
1765250883
133583152
1593187488
1988439231
-649717389
-8885329
1588045353
1286916110
-2143483810
-53711201
1471074737
-1089024688
-1936585585
1851637525
1881195781
1085416851
-1557330472
1043876159
-2021190510
347285568
-2040869139
1781053095
-1983300142
217351812
-12879186
-808417765
-946323841
450295595
-61150989
917509136
1381519970
-1022144779
-276316514
395320270
-1366950680
434761396
1706151204
369157231
-2067147905
299148262
-1922071411
-1703124256
-1673160673
-1871480190
-1037829306
1893389785
1731684521
-873008767
47894886
-1807517746
1041480999
-1296632380
-79314839
-485150409
-973963028
1775399644
-1474472377
-1902028779
-668364749
-1059239665
-372588339
175688681
-225177233
1786691245
-307791755
-855402337
-254261460
-1708058161
-547068369
89606075
-1493995722
1064814488
1994864982
1656033093
-107378140
499393736
1805186899
-1558869975
-1888437358
311022184
-984771076
2137826753
1970359947
-1233822166
1257190794
-619926308
-221198651
976807085
1664214648
494108312
-304412572
1845167846
-1364173626
1837800775
-1318748030
2113148399
-392245853
-1393446204
1486970003
1341040476
897889062
-841737091
-1900796765
183158504
1912086432
695845575
-1829551227
-925823740
-1518181282
-1227417793
499636323
425240292
-357239243
-1286522038
-27665805
1001104103
-420301548
614194835
1020917080
-52842560
1719818773
1066923729
-376384570
-1215349363
-1647443089
524566274
1741771281
-1745741740
-1902083882
1206946706
-1055415808
1463427120
-283173024
220199089
1101258758
-1075249880
1298427126
-2128509545
1443449176
1588687006
463088613
-1582867109
1196495167
-1748520535
1216055308
-281985785
-394361427
915929382
855193587
-1583095370
-271467273
1330148153
-1411001467
2004825850
678296768
2065861544
-1068588572
-1293622726
415113705
-134363317
1583375100
-323028728
440311985
-11939245
823938404
1337847695
144625830
-1320726614
1536958935
-536959675
