1162346853
1815067159
1762598742
1980744745
-2087110998
2097832348
742424527
1158416607
-799497785
-1386104555
1947459062
1953047503
-1980479858
-1546910613
-485618741
410312091
-1517946858
603626614
-2008923386
1115736714
-205518849
953238359
1526205480
1043231893
-1933441866
-631275236
21647287
1387046115
889670613
852156710
-1762287535
1499335136
1866993739
-798957035
-2023459339
887731886
-2142108843
-1947899485
-1114623586
318753868
2115830027
-1646928673
831281603
-1943405125
-741994112
1207052576
-1528988616
1327906418
-1774583016
992151586
-1754687766
-769739929
2007261071
1932383816
848050957
-1049928918
-1790237085
-627496938
1121071900
443718099
41065311
1230432103
-1577585702
-1254750251
-1215494559
-1133522840
171187624
-628756952
-1036468746
-140199776
342013020
254450385
493256482
51910813
-177496216
-2076644147
872401058
-1141768279
-1564686544
-1872733278
-1948080502
1943830544
-692561436
1998892343
-152160914
-1731573967
-778231664
-1036075303
-951990660
1103210817
-1893202886
-1863206925
2073107657
1611714930
-765699837
692590643
1424826724
-1810657358
-1489051285
-424265205
1312689279
1446375347
189676782
1634249854
-1153057573
2030484455
-1150201405
-1008858993
-482081001
-674971157
452822213
228210182
-71634098
980379470
1345380653
1505046776
-1370831706
1587661338
248148639
-1075007972
837357104
1590728293
1272572694
1749691691
-1549487919
-766097524
-1172183849
-1141446815
2007711890
-786087999
1706394096
-1133667682
1897098257
22869214
-1301297806
314135046
1124648235
-588035159
405124432
220439028
-948838044
-753278581
1852661379
787142055
566462964
1598147385
-1418808315
147024183
493898619
654634071
294441077
862612101
-1748732689
877466217
1608776422
3895678
562751003
-849154389
-1842640182
-1383942275
2102111866
-2072969089
-1273755769
-484863633
-1230087938
905035343
-849920004
-347281241
-89503431
1971628524
27028215
28285175
1613524176
-813513525
-944838686
761368858
1159762119
-1257009303
-276869670
-1573359853
-1618776623
470093849
-1048442436
507240884
-236526382
1309157789
-2127272431
-190268453
-1012249618
1545582836
-2074264294
-2134664718
-364857761
846683207
1506150395
1072401580
-1655602286
1112108442
123052141
-326343675
-371326261
693656761
683314107
-651429851
-392393902
377193775
-1590244972
-2060716197
-603661207
658121172
1579185286
-35891421
-1865260514
-782834335
-1385880407
1922737820
-1252784682
-1775634647
-1618507316
1964587703
988909704
1142647275
1710836293
538776267
1846460841
-1475914118
-1324143257
-1269797526
-1495999499
-1409745226
1767483265
-2060104103
-1502570461
-1516385575
-525334091
1925723231
1667016285
879907221
34689423
790265481
1054733373
99782911
1414946510
-1175397452
-1084448937
-219030623
-465842939
-1192060312
1050855926
1197849510
-1799828634
1059995221
-518183798
1336873690
1416134126
-2055766225
1140632641
-1985023158
1388976885
1351837400
483190430
1736796214
-2037537521
1056616579
239814739
119159472
1670314741
1994322871
-667260916
-501354432
-1713644428
1159843629
2029836910
-370714591
1998313102
1823648947
499520944
1072796440
-1631923679
-1599983645
838519800
431351064
-747166291
2082634530
2107531781
-1484381076
-890714669
-1128934735
565183446
1667705738
-1192282768
180485225
1468095100
-714854639
-1706961756
355925861
1918788233
-1119767405
-913619980
-939736345
-2138824576
2091186883
1242180852
-2107684270
608020434
920886849
-768362594
335801841
-399095750
108958029
1000927879
1479839782
1322460863
-1676033334
-1782192982
-837615727
471513112
-1658728438
-1291955123
674683768
-142956940
-911047931
-1770461240
-210246194
2016050229
650251929
-276809481
848852555
2016462950
1525266122
-1262294928
208226415
980743705
183926163
123035404
1399741168
1584485131
-558680282
1480894420
-268498994
1017156297
1928197314
-1777978994
-852031875
-2049630526
1660158422
-1735719673
1374552287
-34760719
-940176259
1493908246
-1106746227
-1014254377
-219106658
-1927765158
687826508
-250887929
22754395
-1753529308
-763347394
-939219482
-2104909278
-874183556
-266915311
-789006440
-1883667024
1180735766
-1678075199
-1034052358
-1572967173
1084149499
-395299429
-605248961
-736187270
-1915298466
-1263930957
-400247543
1604425307
-1948152029
-1284637349
697202254
1662589016
-1824552372
1930218715
1714245879
-747729848
701393278
1720603126
-298777391
222800635
880166371
72908837
1180437408
181216814
-1540765989
51104884
353224482
1019859313
-372032744
1036747
-425507936
2010958762
2137204133
1846549573
-782565923
1450496845
-1944429606
-666262455
1308976630
77114137
880817176
1039732847
-1398461872
-391606725
-355222975
-920604475
-285884207
19826624
-726022176
-1899340739
-1020465402
874817411
1431694174
142990117
-1908842557
-1442774009
-1441461998
759621774
-1348702472
500309947
448862939
1187886613
-1850057712
-1050550141
-1326191086
530537990
-1878759110
-1117009295
-1275967823
1220358849
995893657
-1584408212
-1016073518
1809635160
522402569
1806422759
-1930970839
283600135
1867487661
1518718521
-1161758298
831475992
593646841
-433939317
-153590644
1684685304
-1492400929
-1398458022
-1636107104
-778260277
-371927632
-1716977433
-1214350110
-510532125
1641848119
-529209852
-284706481
-328158576
-750817032
-1846561879
-2083216767
-198408704
-1738251873
1761898830
-1235134157
410644707
891563427
413780016
1024558652
647761279
599280573
-1193565752
134276222
-1480834375
2081357433
1002384570
-856304475
-763472567
736191298
-1450526930
534247213
-1902059824
1532031004
-2088368496
1012248322
-596732259
1295713878
978596421
-69974223
1594761953
-536834413
