375545885
-1172995862
-2007166747
-154229229
-665723383
-1117066648
379363115
-1192250762
-1894958773
1374748860
-662815090
808660542
1386283152
2037597099
1591150540
-1673364069
1865233337
-183630538
542129876
-401169249
-905034500
208364537
1630302636
296410367
-1494694974
-199965816
-1512801149
-1668218753
-479579910
1425449912
-154695430
-934113356
-988174160
-93535123
-933959869
1890503466
692933218
-1672331861
1895835677
64629613
2076934890
-706811969
-1658502931
-1839522893
-689047377
-1360119128
-956180909
920182688
-1514936788
2132113728
-647017706
-1446609079
-636529749
-16555400
1213865562
-1023802541
1126531920
910721325
214591626
499717142
1027913309
-1815333025
883329747
-1039261826
793296515
685896536
-783588949
210855573
-1965606197
1608883766
1935626455
679074851
1816459156
-2088951998
-195619131
-1175001494
-692778751
-678711655
-1337049436
1519831725
1178203787
-1034022979
1538044836
-1745749090
-1478477383
-1807076985
-747852646
-1393241704
1227751343
1743955213
188955044
-1644647002
738103160
-1969102506
-7151462
-494768053
294939943
-1864220051
-876579407
2006710251
-1599077919
-581456051
-1262558229
-804417809
-162685612
-1049146310
1430520137
-149999279
-256955244
769396493
620499190
-1306014469
1563032699
2089427275
1361754845
1501420809
1066037402
-1435419498
-442147743
249886480
845758015
-17033453
920584582
-691956326
1394498356
-2099171223
-739012698
-948238841
854079178
789988224
-1304186718
-743480507
-333427440
642607211
-913964120
-631357985
1633323878
1061651884
-2084500369
1462375254
-556038738
-977882331
-177077097
-874277794
37857638
-1371258410
-2063816435
-560992603
214272070
1625458667
364927841
-1220598740
-444228638
-449459122
1061771890
-435809301
-521159476
-1030396920
514854838
2147358104
-545296551
-2013398356
1854885500
-1452892194
-743365235
-1141064173
1755018944
940015230
-1371679772
1144122213
-734229200
654873290
-1126888540
488753657
-1324402334
-626042770
30611572
1862037206
-957302444
493461881
-527594481
-1304860992
-440798167
-1377968182
1011756066
980722893
1119269461
-1891250598
1670130480
-763864425
1330195456
1019933992
1619896685
1589241913
-416922549
-1416040562
1753612625
745273447
-1800570151
-1709550045
1339439794
1283267790
-1961549121
-960862329
1517765251
927092095
113574770
-250230026
249169509
-1114131443
1181333930
1299844670
-1683418443
2046514696
1459490247
647502254
1510728932
1275135338
-1353124095
-868045648
1541579978
-738308218
711748036
1643460694
-35205144
1052382768
2098770629
523687584
1872631378
1022649208
561124831
1152256670
174214106
1205151652
1188660632
-2029455798
927264572
-1677156631
-1783706140
-193078644
805520176
-750873352
784584187
2071672511
1821675672
-2139517857
1418388311
280701708
-1628946303
-939593480
322413031
-1372483742
1241115709
1258878380
88187898
-1205750827
918483231
100807572
-917763628
-863915617
449945444
1897233584
1341974037
-590532136
-1575874738
1795004199
942249641
108331555
965452537
1797077019
1281592683
-1681695784
1086686247
-167721926
201699758
925447906
1183543284
226760336
-1294167960
684879632
-1434091678
-119327517
-832623418
1080512034
878421749
-1995408369
-80632244
-215026836
-291602030
-1680408144
1768565276
2118410360
1135120973
620424714
-1501909929
455600944
957774325
635870129
1523818215
1531274819
-1878617412
-1886872926
149918798
-1106779789
1465105463
846329427
1546612649
769478816
-269990745
225356733
-652324073
-474575633
502931671
-31997616
1349867823
252682355
1018164273
1785478549
904711682
2044784431
-691626970
-1268914627
-246993346
793078343
-2107688717
718521626
1743079603
-1621405978
-1643150741
-1704820802
1691222423
-1773478654
-436377377
81630242
1370510073
-2093876733
343203336
-1942593814
1522390427
1199362500
1774834214
483158781
1652063074
46328389
455072307
220334552
34808152
1541988803
-251766967
636475602
-1527325675
428008947
820160530
2070373719
46416915
-588104033
-935916480
-865140223
-223402774
1086772598
322414038
-387749403
-1205549245
-699489691
1030768005
-298376778
-1450181701
1949573964
-1201134475
341605304
1075346558
-1886993036
37087413
-711707277
-1223268107
-1799124087
566940373
-2001250726
526412539
1791985526
-1544551720
1667971503
-891064109
-1564539798
1658285728
354578677
-1524877594
1241769960
677834706
746417853
267185989
-1265903579
1028424903
1740022099
-821835977
-790236335
-758462386
-1222842057
1797134482
-1819545349
1351690831
-1430616690
386069970
680563144
103363763
-1934523859
1165410728
854236734
2009219240
1857751401
1292831623
-1018823939
-387175306
1871821223
1862876990
519718061
1281207025
-823345963
-1259605709
-1500960026
2105771763
931941411
1022257765
1535214554
-1818981325
514879991
1223908278
-981717769
1404144959
1146434601
130882009
-1361059371
-2105530573
1767040063
1808169404
826610552
129912164
-1330497139
-1142021565
-877937659
-165001938
642569463
753509835
-1214110986
-362145459
-1349753241
-1282336428
1796354852
874701698
1196825905
376000214
-1867676066
-639714753
1311905606
129865824
1372162759
-674529249
1980797085
1537479360
1437806387
974696387
540583778
-1135316585
1782245181
928078730
1635377833
-1447838486
1307525788
-1098902040
1149896703
645002548
-203496026
230019820
-544381528
352098097
608621262
-2115280329
-1108817560
922793419
-766773206
-364998977
330663448
909272510
-1762228577
-2057683921
201626942
-1341395958
1758829100
-149359385
-1886023275
-1539649116
-2087666802
-540997971
-1830017121
1938341401
-110639633
-735977197
903231273
-1660499393
-225946562
-537031233
