253301843
1192757343
-70840056
2115051366
-241729934
-1252579930
-1816294411
-379373040
156981611
611397825
-63015776
-1290368876
-1234261879
-622797556
1495289572
-348948019
-715378285
-67594250
510099630
-1165093951
2082099350
-884897473
1999690397
-1745639293
-231727403
473080918
2063886327
1137100298
1053273220
-2010379932
-686364509
-237844002
680487675
-1531195186
-1543672349
1842218403
-120889459
747229483
-378397346
710798191
964326454
-1714301599
-600602975
814691309
-1718128332
-589080572
1683808399
-309325055
-620381548
1362196242
-1966608451
1019791118
-1236134516
388720811
-1978323935
-1842040712
723556974
-1440528237
-846310908
737276058
-1471356774
1377935121
-1254689859
868774067
1211043934
-392620216
-1137858370
-1274318316
-335917863
1582495943
-1111607447
-1285862359
1511101781
701266271
1248460165
1620000801
1010807475
-1859916126
1969734459
1119328779
-1741041635
1626717415
-1937712284
848970828
661007901
-778870052
-1348528031
-866121058
63429309
867417588
-977382995
2001524046
688943436
-1749888140
-761497361
-600699727
296958356
-615287773
1140573689
1417263925
-1494185591
1045895881
449686456
375364274
355194138
1348804942
-1928730237
-78918394
585199286
-1929817444
341915885
-796444841
209064147
-276958544
2100161244
374464945
-699110239
1625162489
-921450654
757721556
-216355457
641042502
-1689093415
1045370124
636773542
1411719101
901110917
619449438
-1426657663
1792197326
1229972134
-1334224194
695231655
-986927205
1430357147
1644463642
-976785214
-595784388
-740182596
-508591201
1319540860
-1109079204
-667553584
765947813
1180533774
-311647423
-1621892910
593977187
-959882881
472114663
-335232512
259669728
-2011180784
-2117861048
-833477757
1533281108
-123187045
641145246
77186448
-2063386295
-142049916
-1059755231
-1393242416
-702709035
195328204
-1564130880
2021751474
-767771690
-1371093431
-2122335211
872670103
520873172
735745837
-1225921349
1241522595
1010771907
-49628847
1075030235
1489369206
1031644881
-1738230575
183201285
-193819363
-97199101
-1056494615
903681715
797009561
1444936082
1351080850
-2134164241
-1143113292
507541105
-562529355
302309049
1248660571
97788573
-15655349
607751284
71173240
-87625732
-1521771954
-1340864198
-830710590
1433168183
480164180
-262282390
-400350499
442390700
-928313420
696576215
2123543461
602234663
-195896720
-1189857861
-1080016
745770272
-855393893
1259892925
99508806
-319723050
-309596940
785660679
-728657226
-1201516305
183450209
2008293932
324776138
1965460282
1228655156
-507285977
1381550107
1456741272
2055321628
-1710966890
2075078132
-1928125670
14626977
1280790017
1366526657
-245005273
1222439962
-1859915067
463312570
-1994283789
2146740532
-663191581
1252339664
-427071449
1036200692
-1157665834
-1224215316
-577258409
-94119127
1021192506
-209958649
-965745569
-1181717865
196947548
512719081
1108681544
1702189684
-340189781
1978750390
2110205351
-444470871
2142477868
-1766904957
773307392
-1518155462
1576529821
2127501658
1629622872
-1105938010
1297554085
-576291655
-920304521
327661953
2042049625
-1553853582
-980807239
-1527401303
2011276034
-1284110202
-945062097
785448908
-1175964974
1394317273
976771451
1246709711
-1640335249
-437344215
-934657409
-2122588096
1433997715
-386792983
-852930062
1002406555
-1160662334
-2002247785
-843752363
1489249148
679953863
1230582962
-1894721711
-1607820749
448666689
599558577
1021037394
-401931796
1788478631
-735145164
915623402
-1147154623
-2124610228
-1705945013
1200852656
-750116352
-1136072837
757209099
-1204838921
1129440175
1834260205
1372980879
818478019
1646569829
1555948174
1434458363
1389637571
-1086666585
479077023
752147867
378802678
1721082264
-1514760442
-911349371
1666597123
1459854518
1509984728
-1985253963
-245243163
96253629
-313476164
32021426
2026888349
-783343271
-2063940703
438459464
1029958044
1982533356
-79667902
1391545877
-1203595156
-809587480
-1491223342
-1655848969
-1066287752
-442076503
-282630796
-1082131745
1447585463
742674101
2043046817
1665866404
-1422938852
17221510
1174220592
-420947349
109277095
-503318596
992942725
-1730954407
-443939990
1954588580
-133776408
-1183225252
1588826698
-2110657063
-714459024
1132132439
656703596
1885741462
678505915
-653332116
1554937052
1968273632
877053192
-1386851233
-582600724
1411988336
1744168606
2097238878
956998512
-1813990044
-1800470121
851308821
1579946660
-1212906345
895422236
95649643
1871568177
1624208931
1418906613
-1860956587
2101613090
-459693931
-1381909389
743452532
93050218
-1596497760
-1852943143
-691899937
-1692342960
-1020018841
1993394007
-57473945
-726035044
-1705847289
2057287394
-480624147
82677231
-1094883843
-1543684505
1899443112
-135520515
1013510903
-356017409
670886048
525367747
-331086738
-310320465
-684152340
1517206077
-170588086
-742533297
1617147178
624266005
-162081227
352112454
1835969375
917218462
279538246
561031481
-1825772285
1060728279
75549971
-1129074495
1163749654
1522391652
-2036942275
-355909972
1649480784
658481022
1208485583
-31486175
958823354
-859454197
385117930
-1973348299
-1610535396
1174581699
1239462269
1601557850
1217490475
1205782431
912847585
-778797181
236308778
797892968
1246226604
880345663
1823507440
1535065959
-714417006
1861964103
225932311
-314332955
-1342146929
2000022653
52156860
-1298140668
-1942048339
71370973
688609961
-949391070
-1256588060
523048213
912399346
-460164414
135977232
-580414302
1656431155
-935923919
-1959510768
-5071072
-711502493
162149946
-775269063
1074236974
1924534785
-1679123140
-536738300
