1440903841
-930406181
-1847683783
556751514
196564369
1547542251
320511848
2049154803
1598112061
222200411
-38534813
417782306
-1850844744
946848767
1958242103
547507745
-323602965
22344856
1134216835
-1334666439
2078977768
2008044399
1901476150
800145445
-1239650311
-1539429170
21462430
1560894602
-287116085
1405970393
181701909
-846400110
-891817591
-180885352
-1817850226
-1961461695
1595060258
1475324380
286692182
1190183428
1359217264
1772556039
-1062989127
1454405505
245653395
1337394611
-1836505389
2092346384
1664998455
-1258340299
1667215339
-1191783737
1187770241
367128083
-1293484987
-24160959
-247920086
-500519661
-592390331
974902756
-2087601740
1846085087
-1153890242
-1996273419
426961494
2013641960
1987030961
-50372692
185029304
-462905421
-2007350895
-442908952
790677255
-746414646
-664493401
128431470
-243978249
74244767
-371518743
1192124326
-1227681587
171284754
168405044
-1300245615
138864477
-1993978973
1182562066
-218471374
-97673703
881978049
-207475236
-804975317
-2118703549
-651677239
597947648
31066812
-1868841334
-1000286477
1221865459
-1419473138
-1230131894
1722178252
968424346
-319017960
-1231086892
-1122381050
572134165
1355304624
-223813010
2083083248
-260537820
-1281505758
779587904
2039981444
840687691
1692086050
-1214877452
-2019376083
1881291636
-1258785913
-1028044483
-308226812
-218775200
-911131655
-736258025
-813140303
-1382138579
-1455002788
1690961586
-1606073497
-274157572
1373304474
1856808131
-101791081
1322063304
-1789494613
1661948745
-1461954511
-1030338229
-899648608
-1587683707
-1775211453
534807734
1732658888
276448510
2008943759
1005216706
-1059970462
-1729786199
-674222305
-973694079
1682163026
-1866445016
359916214
-1270368003
44247607
-536824863
351752093
1566289365
126438996
565853366
1227542178
-1414808981
-1595046352
290274090
103958794
462577480
-88791828
-853051116
-2090672779
391462555
-279621876
381377792
-694064046
1408915247
604429742
1600386405
-1540375393
338647722
1516585638
1603796566
-106890276
1683676588
-582899308
-905006801
-1277724929
-1616987655
1359274170
-1725392518
1646233965
-178524795
-1849104703
-890498677
2031690791
-653355947
267387104
-214363000
-1324262906
-2027898921
-558032211
1107016937
1229419662
-984550756
1082661214
-445455683
307734528
1166115023
516578894
-1677510051
-930707436
1318050361
1163625070
-1630190686
375905700
1366403885
-1091106326
1099552632
1191617625
-1933752586
-1303888055
-1026324349
1026799039
-317393669
-65464908
136922926
486928585
265211834
919908844
59507475
-783548589
2068706937
438124712
716558641
-1918505026
-855798149
-758921240
2101541569
154173315
516282980
1373908277
1874150426
2126613241
755320459
1955830281
-986166016
-900916930
-21165934
259268569
-1082509479
1553990818
-1311848425
1601924626
-1136615462
906823405
-1450049672
1525726736
-1886598577
-1953640466
-991168923
-805462888
-978933134
164621382
1855349858
2035107834
1099089209
-1976887717
-941667298
-606870755
991283239
-1984131026
1539325950
-1956375909
349164187
-415657676
-32414285
-193416628
-373992911
2037350881
-101179849
-599242374
-374831278
60299892
1710943469
2029091332
314315070
-650733518
-784402077
1761414699
1941184124
953918918
2063569429
-504379707
472440629
1636897000
796821149
-258192678
-1107683155
-542953148
235764475
-88372866
2013401545
575411707
1299392986
1507098745
-375261842
-876462698
1241597048
-314353013
-1737783611
1719471167
-1121540117
2059582191
-1507942585
-31595665
-1753982656
754750937
-1717240975
-638315166
-1741184930
149633332
-175265973
-348116375
599488446
473378407
-1726120159
593188677
1973031595
-618831859
-1828546044
-1895414513
-178273901
-633202035
-1865253101
-1990658531
315703816
706330368
-644927968
1805365616
672115528
-1450819160
2063622623
-740635224
165779512
1551657542
-613610278
1101749806
525027654
-610381528
1237946385
1540479946
365840023
-355884364
1437930230
-765279383
1957836354
907473662
-660839530
-1783901731
649764212
-739420023
-152715153
-328263232
-1600127811
-1486552314
-21278440
709396528
1136421031
-1692797106
353653290
1051434328
1335721177
901825772
-571237723
-696392669
880312194
577310657
-1529284358
-1353315039
799149133
1601941938
1402114653
1231273521
2031952708
553443725
1809959608
1845559435
-1371673069
-290752737
733416866
1549910078
-267285201
-1889497912
-1680481967
124065952
-949579749
-1258269512
-501191756
522367036
-195517526
-377841508
-1230625718
17632478
1582239562
-659909888
-1671276974
-1478376837
-870421122
-1110155595
1722313904
1750188273
1415495303
-690900742
292325125
1120426395
543775276
-783465785
-390141637
578835978
-776487568
895891444
761842687
763730813
-1560328379
-1047105354
-1787887089
271208645
1467200654
-233600121
-1385858418
-699268915
-286251297
-461726594
776181854
-1912038160
1268370471
2039281123
-609572891
-1140528120
640834424
200947199
-629324353
-1785446965
1374489225
-262576861
-848740745
2058991197
545984041
-1053939544
1736666458
-1414181386
-611177341
322965560
1725357959
-1982812301
-1353709681
78049045
-1800236347
1873382773
-1384015320
-1473132673
225715097
9692842
-777467367
-1171657848
-1124049849
-1320880658
-1914126153
1869315285
961472660
-588968656
2077007996
309503162
-542434131
-1773029736
1025581501
1281407359
1350722408
-1420893896
2141276318
145334029
238817666
-107874977
534373196
-774279494
-1679964393
-1200115097
1903688784
-1505941914
842132580
-1022457534
-2014177251
-562098263
941475233
-1857561675
-1730741788
1337037992
-1018607834
1971089014
1137023447
-1411851434
-1957948814
