-1384720364
-1622335245
-1054255826
-485355265
518263536
-869066071
1145604579
-716383417
-1871634954
-1390149219
-414753044
-921167199
851648456
-918272596
-1991249293
-1146212526
-319880258
1406795527
-1318784163
-904531677
-145360068
932040837
1186911427
-1666356067
2042149236
2053660437
1571891260
-136176215
-1837671940
-1708797234
-606545794
1034200137
-186932295
332424290
-345724770
-620685697
-971529976
226027359
-1564646434
233266186
1180355312
-126069019
752557244
-823564683
1005940847
-945565590
21877667
-1457011599
537490491
1564952433
483878158
-2085801721
-1257367353
1645032285
1261887233
566756976
928492295
176048107
-171373179
1633825688
1539897579
285401790
1252656814
-1275874528
1936491981
1997808428
316773922
-1211332751
1054755553
-237884638
-1831121120
1420530474
2006902678
-1994103783
685767175
-482537486
1414056839
-974981170
1460373114
1447235027
1652507649
-1216040348
1895934031
-1508155126
1744309451
894156314
774199371
-1636846554
43275774
1782711583
-172580621
-1931958949
188467093
-116810713
-21951384
-504585028
587769894
-1742647240
1717304443
-1298657511
-621425951
373172461
1096280373
249994896
132143776
-1274446978
-1442767579
250707356
-1129415935
-1432147314
610613339
-295239796
1128279221
-1003201264
2005936531
-348044421
-109163862
666642788
450385410
-1956685758
-935184194
-71992947
542856763
597413565
733230456
1666573024
-535493789
-657962769
2036378310
246385681
-207229802
-1136771999
-232937577
1065842597
-1933525152
965973081
-268021147
882833015
1046846885
-1777951365
-1535767906
1732103459
-1660862137
754546786
1450814953
681321511
-73200691
-1549658131
-648745349
-2118007042
-667425746
1899305170
999210627
-1805304311
-1570212398
916470010
879520848
786699027
-228600520
1255290149
154573615
617583771
1342325582
899541576
-763492201
1887590618
728245126
1062348927
1048958451
1918207965
664254078
-801676257
-248349552
-1059462502
-1869662111
1303635549
-204228632
1576877728
-197665806
1972775821
-143899934
438998522
1789351724
-1332009722
-760205318
426669035
-1014272534
841532398
-690742370
1700128966
1972952974
-633389266
-1057628071
269749695
-800566713
1232678383
829633275
-1378502949
-1282512289
1077148544
-1344313285
1618955002
990008522
-813083481
1281166067
-2101641178
-1348948516
320896499
206070643
1614180955
-261698531
-1706048105
1055057859
-1008162130
2131537791
-501815545
897472219
38506882
1033333192
-246507308
1251995672
1834617645
1087352440
-1536979287
-1225708782
-1779960635
758641375
1838253943
-339944039
602500873
1252756217
561338823
-921438724
1285599983
1278451745
385869644
1414618727
-407818125
-1855678658
-820186430
188499972
-479872117
861821461
1111373483
-1826649305
-196824103
217309977
2137352087
97409971
1123226999
-662325353
640623962
130079865
-1892630963
1328830385
1632277197
248331606
1232427108
490941444
-2048301090
-1217109796
1653251648
1790594066
2079184764
842123825
1735338833
357291257
-2011580303
1146961176
1227798376
-2019869579
87592187
1999771053
-749266727
1876948815
2124424407
2080376798
-1655423409
-852990094
-20864700
-1052788674
1509549287
-644917217
7407110
-1385938926
-1212211098
-213608157
-511192629
-1010766016
404060633
-1427730859
-2133583369
549268082
1388542214
-69603453
-2129597800
2026853235
-431783258
1280214782
358799675
-2081770079
-754215318
-967096028
-391026692
268507559
1729141105
-1506547244
-2031234783
-1909277876
-1066540992
504086979
-764409573
1707664833
670949891
-2122461498
1840733791
-379806940
975067790
-470602412
1224080343
-1669965682
-1765657945
-944104029
-1049338040
1002853970
35230002
-1200628521
492062706
-1353785588
-1320625351
-801563264
-1849606933
-1370115833
-1371289318
668690891
318335316
1608699847
-2028849539
918549791
-1725809845
-1082170686
1789418014
42328294
-937919886
6753710
769707774
-1066926902
241176913
175729015
-1416715049
-1527981444
1708354039
-2039856655
-568529495
2140234351
-2076233874
1737740033
-637231245
-1433861025
-1009569900
1272570529
76133354
-212287304
1812561340
185315838
1788919761
1630081314
2000766300
-388819291
1829427121
1646983412
-1193443525
-573670373
-1556087224
1417931703
-1405944055
32945637
1132707827
1727128509
-1487179769
-1515949489
1166625755
1714045702
-598994095
-223428533
481429643
1207703088
-2122771525
281920907
2002976543
-937421983
134163586
-544582895
1847958017
-725857772
-1229071657
-1522828220
-1139746429
1093410437
1739990427
569167457
1656706421
-158858150
370081538
721027277
-854519380
-1949043688
-968179751
-391969687
-824791792
1656806897
551218356
-586766079
806906664
-1685443112
-1568821066
68964121
-922161445
1669845341
-1465963486
1435465387
765937633
1063102287
-436938020
1195334582
-1284346533
-1926482874
260759381
1872342394
1176937131
-1310142712
1663669132
472348986
-1892453009
908669330
464599876
-1169857458
-440301632
-1129642478
-1472335742
-1357567837
-580264827
820808116
-2011787891
-284046900
-515710777
-1448754485
1597048497
-1616279018
457729262
185751317
1903891858
557736958
-1684418802
-555696421
-1897813659
-1609911725
-320348160
1051558731
-1987806821
-1659322131
717969137
-793170373
1670668037
-637633455
2032143265
-724248527
-1574791853
-1860628409
-457677930
-710961600
2129017719
149212321
-1960213501
114167502
183661115
493107460
-197170
2055973757
547930585
-855762556
1011664809
1530623488
-1103567106
-1992262473
-1293108771
1497241712
227722297
-745446238
-613960447
-204074579
723117635
1438450641
-781747216
361015746
232590687
1944101599
-745893879
493683081
-2056562366
2012435792
