-125417465
692461702
106398535
1052615160
-1488252552
804389550
1303716260
1291269893
-519437972
-1001905691
-933520492
232480089
191125606
1678901824
-75882824
-1211055354
82894340
-226598972
1483224683
-1039849653
833862099
-1044769523
-1957936594
781149492
1678153880
1773389158
-526122049
1383548651
-567762866
1459452845
-1019701250
582513054
-1202200573
-29616993
-1047104570
1608795156
-450341390
1960988802
2111428979
-1844056600
-2033682239
1629883392
-623683926
2102097610
-1034189804
-161703467
1887238911
-1191271167
34679446
33251072
-303047458
-138842322
701227081
-825831506
1597426028
-343475172
2076768788
543093225
2075869962
1436520361
986385171
-1755708587
-1921714786
1716176905
1161140331
554431506
-1351329926
183170261
816387016
1606431654
2072196088
-2080765366
-1343187007
-88288933
-1505954311
-1059862450
-313364140
867776857
1645449281
386429312
791946553
-1494996211
828330221
-304932338
2124357855
-288032458
-2024293469
-433451290
662871213
205453675
1114238789
350025823
2029425237
-1564411118
117634279
567127824
2057332787
1440981119
1168097932
2120121890
-175571750
8384108
894398567
263376823
-1846390210
2127038200
-1680097871
1586655365
1825895770
-1373580449
-533679721
-1748323330
2078669895
1423139519
-122400399
-1050603636
1650271244
1431608737
-1833896998
-1151560168
1826612329
96205864
-877548114
-725793319
1862543178
1457649370
-1261231950
-1665195034
1425351613
-225641171
-610526103
-1811772019
567229912
832657136
1386663742
1966277895
678309682
-1051830341
-392215205
1548887737
-1284909138
-1580645122
-1984467268
-748756099
-1433524774
733835459
-1003951782
-1359676410
209590841
74774101
-1609437893
-126610837
-409867394
-377287260
-884591687
-1684011286
-1085538725
-1218003815
1048052176
1039995713
345763089
-1410419805
1632215844
-1532004860
1655569890
-340078939
1788726788
-685984445
-714772537
1131706113
-1445828758
863233452
-176123307
42596942
1990623073
953022989
1890391535
-1523269861
-2143215984
460927309
247508412
-1168401037
412131818
338776950
153548057
2095062938
596097757
-284550269
-1582110021
146542438
1926366452
1382747938
1195134500
124988441
-1144144934
707610147
-2890330
1391293961
645583887
2043247235
-1468549021
560328696
1502375189
-608071364
-2127474573
1288121918
-1402164396
-2147189614
-615175306
411329254
-720798636
-874109596
851149352
1151443351
2055804926
460589967
1237890144
-213462203
490244810
-1775095017
2110846493
-1731746258
-1658586194
-301671737
-1647573913
2028672321
-1361039263
-2078655820
-1214253956
507866035
-1442809420
-1193676611
-411856426
2049742969
-431902053
710477090
729299659
-1743698795
-900072005
-1968283102
1259339179
-1025843761
2063020346
493084554
-10022353
252255344
-1306385416
1129641006
1726551860
372551873
-1984857890
-387618502
1861069704
1801804216
1362116901
1598968025
-612547576
-838132184
1305915617
335891333
-926974996
-804844228
-929272940
-1816388182
-1302644921
-818607776
-2037448543
-1156766033
595465370
-1975114878
-252767552
1580013981
434854035
-1452462673
1924455934
712888291
-1318737046
-1954676767
-289805240
1793061261
-704911777
-1545271832
-1284501886
-1475514326
-1186525848
1919033343
-631747942
-50180950
-1947439624
1245017066
2026786825
843582937
-2055336587
-602645751
306356279
1541987946
-1814886896
-1646649679
-1262194591
1195433731
-1359899798
347738216
386770276
-2106305007
-1100758700
-889641296
2032412294
305698304
304707727
1208163057
1350078825
-313450631
1412318046
-1460005672
1055957466
-331751791
992999895
449489129
1481670750
-846023523
-102227294
-2065829818
-1453511638
-1373949231
-294143919
-2003051006
850170654
-20410644
-1510243670
-1387150517
934683779
-1508458270
-169632926
817723501
-1981708792
41939664
-2077387763
1723088332
775651896
351127703
-423002822
1457879649
-604919651
-529285742
997894909
74171542
2088344782
-216431875
-1842761436
1749286564
1829081785
-587406121
-2087335533
726594498
1156479195
-561560952
-581055757
428299485
-1472377986
1447287549
-1294465142
-738807455
462830915
-1636401552
456905286
-1983476624
662371935
1602217729
1269249393
326180675
-9491595
-1031301961
870645019
426907735
-863884740
-108135303
-148674370
1030141171
-1066946000
562863494
-1241443789
-1816891422
680545130
-1017011979
65093106
1248164797
64762658
-2123080452
1124001360
-1241059126
-270272594
-2096142865
761612190
622955453
1705010787
-1982487095
-505937510
556229452
-1694839578
1965931723
-260882445
-1111549656
218051752
1188493877
422817285
-317372087
-170263133
742878670
-1062681271
-1343107262
1676264530
-2118154395
427454708
464535827
1270128962
1530445044
-81367705
-1457948280
611478699
2056718710
731603724
1671855409
2125282771
-1566089688
-709240285
-188663463
1367142833
-1955072135
-1546852639
1172488377
-1870964645
-1791621259
-721681636
771310744
1355992677
1858699098
-258456980
-464472751
1733853941
1684868727
119798585
618892882
1124947263
-1831068940
2056910508
-2093002383
482925016
1800142192
1446296418
-1679938724
-1520284099
-1396233681
286354956
-148848417
-596390760
1768782789
-1792345513
1921411513
628428210
-1836565491
1711259897
-235560415
644007272
-1070289098
1370977360
-1279873151
-264761202
-661877529
513745408
370119570
-34572945
1177208093
-1863869548
-345743859
-459276241
805795593
844700611
100756953
284065532
-1800439178
-1927033284
-1272483555
-21855915
156900452
-733615834
240327817
-1116948508
109405595
-1349907337
-94781642
-605980913
665889841
486959134
-435756505
915641959
-1261541257
2077424615
32693105
638205455
-798160940
561806835
