-1503864586
-99219831
329417155
-1417923495
-261580737
823811600
226121812
-176683366
-1937575552
-1329614095
-1693444838
1997359716
-937342131
-820481353
1882791639
264398399
-26483411
-67930631
674666291
-2045462907
1605039201
1669084811
284597019
1687947961
1471715206
-1356098069
-710139709
-711710763
-910508342
-278111971
1592572114
-582698727
1201854066
-199449043
-1504131216
-2075876764
577076245
540902298
-1556734224
1527606638
1524609900
-1241702460
-368016954
891494109
-783539222
-1331861960
2002857974
-1590262052
-1342214308
2093034397
-686512890
-1759427372
-1392317084
-773582497
1420405899
1319798245
-1423468171
1197302101
1072279803
-103458466
-1115079579
-1870439294
-699542501
-65719622
1175941875
1325085548
1028663362
133292731
-1275786940
-2075462987
1245726449
273834551
-965658080
681394191
2082999857
-1531317027
1257408357
-1314821546
834526570
-946789985
-429337749
1500518776
551784081
2022850234
1975383495
-2015562319
2055366734
-1271274054
163465368
728731545
-55693742
-801055605
1721615551
2069234129
1876094305
-811095822
-289840932
331661072
1723619782
-724565224
-1433106498
1179500777
-613451610
-2014022046
130269276
1766659664
2145169992
-1707303086
-771733381
-1524524026
1958334814
583970020
359346849
189600715
694669523
-551688584
-1761193855
-1964863078
-45565205
2106865359
-788274134
786746786
974524454
-503203133
-896451446
-260935278
-564136786
1278890042
-434619893
1835746318
-738101190
654202291
-534840777
-1186005493
-622785895
33257707
-832994174
-1888205936
-251602064
485353334
895253222
95641059
1613068224
1510966898
247120478
-1126107487
-1360585956
69106600
-896077419
1029345433
-243303272
-1896027490
-1077362827
-60501246
395845641
-1164221313
1808015317
-1886008361
80782702
-1426096870
764895352
338619371
-1120162744
-951473097
1301304891
980621354
1621354145
-1235516483
1878686810
-9117841
1342809713
-129293058
-1306766412
1973325114
-44874492
518622654
-25700463
2085599996
-685271265
1764590075
1802806494
140680937
-683970362
-1897146316
-1991835625
-417010285
-555716799
1597455772
-1503179627
2030716200
-667633401
1013932564
406953971
1850855918
42998708
725736151
1661543975
1137871655
180640552
2020040481
483207434
-587461741
-1646686214
1949208770
-795266842
-172538795
1717747224
-196075991
212506830
-476463898
-21293577
521493592
36782394
-604910086
-1779028691
441744289
-1944441290
-424706332
-555342815
1047755557
-263916065
1755626902
-239803817
-887754776
-827847275
56011230
1503220343
-906267199
-1202777901
1155465161
-109433970
1936063806
300418941
-1266874214
-15105388
-59553433
32976682
-1706833044
247814761
1988098998
432027431
-1963814234
1285589536
902056420
-1264127474
863519673
-1719826121
-1469106052
-783281332
-725151147
1463101430
612339920
135670991
-1511215390
594918785
-1077321184
1288358241
-533061964
-912114763
1729427181
-992084655
201003187
-2099550544
-836371562
-146564587
1620157016
1076001689
-850436995
-30806412
2124746372
-1003496660
-1723096534
909587158
-803833579
-291087396
-2019932244
-669471167
1568245691
583241520
1908407771
810121314
-1791411918
-1294157513
1061274957
-1264753269
1528958170
-1632438644
466320112
1060356380
2037578693
-590966520
1903771664
444117722
1502986412
1114333768
-1093985023
-1984479488
2033068222
989244863
-846918422
2015629799
-278038746
-1321626172
1816933915
401342334
-1509274637
-969515362
-54171460
-1644565373
-769197704
1079080397
-2051613352
-395118898
787246595
-1666120119
-2085235297
-992916471
-307482491
1082728085
-1797338580
1944538549
-1277681794
278148528
939445975
56078557
2023095091
1864125312
-522304454
-758939066
-1748062183
-1772659967
158822549
-1723714250
917445565
-522974937
-438550815
1637271726
-1072917385
-549566763
1216779855
845025987
1391761204
1701329610
-1725526710
961473354
-161367226
-1554268889
2017009050
535242075
-2015902900
-241728776
-563755932
600359417
424587927
231078367
1454980688
-246626417
-1665496733
-333748889
568168828
629088072
2003048781
1267485131
-171560758
-808333112
-102337802
-1837038513
1136543759
-898951355
811906331
-1387732344
-1721027586
573942395
1200788749
-1954547121
43061913
-1752675608
-1956167391
-1260256506
-1754461917
495172210
1391519555
1755087551
1628648011
913368704
1026419187
-85254462
-700213739
322849632
1469281358
-1318724700
-2028695341
166830844
1102831919
-615132008
639443321
1034816553
-158979404
-1084149346
-1560414576
750929925
-473247244
-982546195
-2095318115
-86614169
-2038053940
1887660311
1007587869
896075203
-843591605
-11733976
-2117610908
-857780063
1849081392
1707207180
-528397714
1510991458
1467056108
1823755769
777845625
1929037868
1708843898
-2105651209
1353412295
-1879735867
52653418
-995335178
-1099788837
471480859
1193317120
1960194406
-235233300
-344645485
-1136731160
1639088296
-1241664901
-922275315
1922073352
1876262358
-124092560
-541456753
1284785526
-594836290
792826435
-1329081095
-507067770
770061496
-1920883083
523190492
1187225024
171349482
-1596931888
-1390239246
1834836653
-1429700990
713781767
-1626258844
-53572983
422662484
525976863
1220016680
-43846447
170554511
743544259
-837469460
1840873962
1302320899
1936371325
-2061617180
-1271474063
397512521
-1790642119
-407451767
-2025354446
-180865003
1752235949
925598118
-975363983
654438715
744131053
-2141608930
246850242
-450778825
-685476426
-1368477934
-99061410
-627483943
-1491421008
1461371490
-333511623
-2082314864
-354597763
295472829
1670049391
808731962
1882863271
-1276107698
-255397909
-1681853520
-1585965707
2037559302
