-1830726533
-1251449675
822470189
137234219
-2105761813
53068455
1257327010
-1583395470
-612444566
1278822097
993423687
1018722835
-2057008753
-639256494
1312710786
523009963
-1923130493
-1099728265
-587436008
204234854
754874543
233117695
798749257
-125862279
106867981
512559847
2061569411
1763434923
-643282938
962755638
-526788518
-459262874
1376197550
364337340
507188588
926830301
430034902
489747862
-233050013
-2090963087
1524903852
467480332
-1461645518
1666411006
250263956
1328888739
1741683760
-365315825
-766343873
-1607202362
1003139425
1650700720
794747443
-1905917675
1955519232
1811008434
239643342
1169368617
-960350656
1825638550
-1695415631
-1765263636
202018609
-1318055668
96190332
-348942942
-1107615308
1149427199
-357123972
-229150373
99802269
-1910095111
266491886
1368278167
99598579
383273796
1661483359
1018232773
-1782591714
-1877861317
-1749592656
-1844026939
-1987376089
-1487348727
1107976086
134380730
-175192115
-1587844761
-406534848
-957697638
-202240381
-272506329
-1092206712
1022888248
116333170
567142498
308214256
-208209345
1183345449
-1362889122
1440561504
676384962
492617528
919740676
-899894716
-518160268
-769635752
1651614942
-580900416
882595243
1040485229
-2119761403
1686020148
917721029
1464033847
-1297672777
141486822
-2121930232
846586136
-1423967255
326588441
-951596580
1987010845
-80751614
-926585854
-1066936859
1681393048
-154984084
-738045259
115907576
-921937700
857442157
401791722
1719548804
385172314
1357549972
-1875987424
886843034
-1675799372
1070495988
-274304968
-1083032740
-345990730
-170003089
2058383991
-1123123629
-1518078666
-110540567
1785316148
1371836157
389155619
-1354950592
747586075
641741230
749661380
-1769167882
-1195566635
-1036359689
-2037369445
410696811
-1050108013
1979207500
-1672934721
926277205
317285404
-758310246
-476880314
-22539252
1951191055
-1804842777
924117491
311740966
-949630339
-737788635
-1840546625
-1640235272
62288918
1920203464
-356440818
986585552
1543392385
-97668777
785651367
1065879169
-317275907
677784999
2146821162
-980749149
-1115997874
1676994305
1286500641
336121850
193708319
-1673310179
-1202655282
1224279829
364142698
1318619218
-572508605
1435476702
1517713332
-1887019019
686611040
970763776
642444328
-1492810012
2097778740
1425164971
725375248
-1953492782
-933822229
1592346891
-1302661879
754748348
1306627000
-208833677
645729362
-978641833
-48087541
1036572649
1919369314
-1177098593
1961559900
615680095
632837293
1841687833
87835299
742958528
-1596005367
-1238511182
-496161162
255117945
1278919499
-1060342225
669525407
-810457168
-899615
813617019
-1126432611
-1890206552
599738130
-386604666
-834065404
-313147754
-1417521236
-2101077874
-2146260785
1773305889
1578238207
-1668318930
-1517193367
2124651713
-1509202954
1792682642
-73141367
1344599650
630691986
-1647819751
2057101698
1578582817
1167376253
-762162135
-389333832
1567215904
2039177729
1069614849
-435595338
-727720194
1196577324
-1492705359
2127650918
971461551
-1977224591
1934150586
886614828
-1710606674
-38273884
468296293
-61251671
2017910186
847230581
260234176
190264077
-1618570381
842444322
-1837681885
1716722447
-422698299
-1466446465
-372351061
-713364110
-523242392
-432591045
71370933
127018236
-1692431744
158987255
-1588564711
-309565207
-755454313
1906622688
-1036625278
-1272560217
85701594
-115667962
1275970138
-1967387170
1073810944
-317186098
1078882919
-1336605336
-547002645
-1354192207
1360608808
1131816905
-727229281
359468283
-1614789396
-437665333
426339713
2120867523
-876045531
-17913664
1203595689
1972023999
1446348317
1927118351
1664856548
1610116183
1631982024
259804738
-42416720
-571257337
-658117295
-128823388
475475413
-994087713
1418812744
-1009940676
1363743833
-469618494
625327455
-664627537
229899274
-1305040650
-590223834
-882967472
2134239050
859821846
-1686574656
-1128472395
-1193669845
928444467
2142231470
1507565922
825808077
-1559170025
1794115989
558265302
-1252476705
1689070302
-133137141
-1683131705
-786538662
-1343229257
1778346184
586505732
-1900132183
-1047201975
-574623022
-1942592206
476057655
-762639514
-1200580132
-19696497
2082673534
-2094558070
-863596789
-449951648
1532837458
435782083
1513664694
502029968
-71043287
-1884791909
1386222734
-646937920
-938410879
1868162948
1998556354
1458665636
-441311735
-516357176
-2093194099
1490607432
-22208322
-625294931
-1928006906
-1865993694
-2007426056
-8856647
428791895
-890333385
-1221490635
-219936747
-264923600
1915878950
1777397381
1165675373
-747337945
-37975349
-171040389
1741327559
-132688336
71378741
228056959
-628437338
1795245259
-133189141
539549421
1066915131
-294570715
2062066567
1335231202
-1362718877
443832471
2010193596
1614931055
-1346422180
1715786887
935534243
744757330
67444408
762222058
2099950245
-791237052
1172689631
163264749
92877013
1376657940
-317954222
365961982
-2037140394
1501557863
-1435393132
-936509633
1210079560
417189901
-1701193892
1984562918
1131800900
1731468625
-931143068
1403410063
2017550046
-185549738
-178017886
40086447
-1127897761
1137105525
82650607
-1470767899
-93106623
-2121336045
2137612534
1513275820
1305561686
1919960479
-1879977316
766886337
-2123236016
159518051
2130437246
1097948057
1211385243
-240475075
1404382724
-824530485
729312649
114333445
-549401419
-418547426
-828885684
-856326789
-1051674808
-1776255577
1046967132
1261143569
-17497866
-703923528
2010217382
1958070242
120790839
396491335
-819384158
-1116251433
-1300693721
-1823147055
405118757
1343685262
-1242687229
