-2054172921
-491454619
2028291261
-909100975
-402052522
1721882217
-726182835
772324728
1812488774
-513479484
-685431135
1805422992
2068507634
1277135043
-1909196988
-1066766287
-1276899148
1402869673
502855343
2080496238
860905450
-876029728
1291146339
-220341038
1046653964
1654529871
2107514521
-71816479
1449368622
-1854132745
-387700027
-1506385003
1882094892
1898805970
-2118528085
1810324183
-1613795568
1624834419
2080396200
-88061899
1473972427
2024729416
-1366533881
-1860496452
-1892390263
1641517018
-1843186566
507316109
562363252
-653497800
203260080
1895629450
1495563465
-218847212
-2028734273
563545211
2079252253
-1836944171
144425647
-961774009
1737111463
-9077568
-999008402
1562415729
-972024104
1290793546
-1320857764
1148446982
-1703839256
-1766654086
808631918
666363188
-1623149270
990163120
215499675
2125331369
1598073236
-1827840431
1912729112
-153389599
1474136607
-1932165602
-752292919
-725743273
-1346743873
1930057864
1746972206
685994618
902859234
-2062428865
1937718480
-1507637723
-1351665787
713616348
-1302798102
159381761
1518090805
-1965394086
-1372294188
1188240379
1354355498
-1367774295
-387197724
159015623
1555295610
-337606180
-167227780
-73479240
1794248146
1931511594
1665850767
1422472452
-1458310806
-1374371060
2024425865
-1229556082
-346135633
-642697116
-1764278856
-263968962
-293887271
649673440
1519506575
-1419247225
984082197
-446768788
167831049
777004070
-1845437331
1283534040
48695541
-1824956881
-687873096
1486152573
-665056859
-2059922166
-428733403
1566294816
153246396
784615624
1788316743
-1571476058
-1129976798
1290762696
-1764764561
-1469544971
-1931213133
676932466
451221197
1312768011
-200452363
-416645071
-1754530393
296128047
1512148331
426777554
-264303581
1760973949
-807861447
855896468
1449297260
1870982191
224464839
-1298204976
883092406
442124604
-239559030
-1444927566
438831233
325497931
608876697
-1353107567
-472200615
1731156935
1182637175
-1683135511
-2145512856
1615139703
-360882342
464865592
-1825024118
1141382457
1834189572
-578201107
1106377705
1570591054
-611565687
1054070138
1921773168
485801152
-1275400277
-366545320
-824533864
898397356
-1124160305
-588528039
1905272720
1702798751
-1801341348
-738034124
1247028577
439533896
1634617379
-239115769
1929864734
471292691
1152756497
1719304757
-20155607
-1504070366
231397944
-1869922224
-175309129
1662292516
289293598
-1289538880
565345899
1041278792
1148219629
1494305675
-1398743437
-2125597812
-879089894
785160638
-911069928
193707004
-1613591683
676557235
723401699
1761112422
-2027336775
-2022337561
1310587876
-491980788
1289829338
-1317662861
18767432
637942923
-1783418070
-2145934985
-349745742
449544787
-1400408108
-895548141
-815590226
-1789016133
377559953
-797979782
-792947685
-719554221
1253392903
1137254681
1479219958
-1596762521
-2016853210
21970475
-787866139
-195695198
1649088351
1154948345
-1899398094
375744817
-1658444466
960271160
1715164816
1271812986
-1746320052
500227366
-464780003
1493105446
485264962
-1685607159
-1995356540
933026577
-833260273
10919329
1673492977
133822462
107301765
1745572464
757610853
583022109
2127832753
-1583087263
-1609674979
-223299633
955790858
1682322481
1049855747
481862906
-1636185415
1679046677
617679730
-301331707
862702568
-324540
2124530465
1295975943
-853588267
1367812123
-752817982
-2069328905
1387367648
-1816942534
14732028
-488345176
-82355260
1118238118
204467586
-1279844446
1436493917
1971188973
-182036164
-239554142
-1537895475
910693177
1233227615
1476053818
-441073758
1337084988
591772062
1105984146
-334806032
-1946775977
-1630265673
1987666681
-1762607846
-351231719
-386346314
-725311757
70999890
-1522564225
-859725977
1802324960
318329951
104960097
853164204
-619122910
199533431
1221854721
759972379
563667202
847269603
-141364698
1216826293
-1008712378
404418738
-698396002
-189053147
998989443
225930337
-1722209908
529375657
-1260081550
-1511693121
-674337905
1671341449
1778262166
964068294
-1274898613
-854129220
-266657888
-1106754180
-1272014912
-601498300
664003927
197973907
497044237
-131208942
-1615357411
771943183
555401058
1928598592
246312624
-452159440
-778628420
-1909397911
783731422
-1894607214
-142959816
-1561045489
741617283
-1182881394
130159883
1900611329
-475275243
-2062336520
33073063
-814464894
2050597810
-1171695874
-573294276
-1625864808
1286217970
511974525
-410930273
-11787039
-161139826
997030699
-1606514662
417248157
157208537
1350373096
1311023418
4782539
2139713607
-1032446924
68587699
906310112
-217156483
1735824976
-1414508844
1319346494
1004885536
294448821
65104064
2088008012
1972040847
238916
495787439
-1052614192
2005911022
-1201535477
521734115
-256526164
-2040830039
636969653
-720365918
-524771753
-1773498256
1797214088
751342454
-146389684
-2098653042
-2064873796
735410295
2097289978
-1727514975
-571625646
-1841838674
-67488235
892492964
1842247170
-1397107918
-1073514190
-1782040207
-2035588025
-624366531
1685160347
-344314701
-2000681782
-716918828
-1396370024
1882689494
420370386
-1349560985
232594164
563032046
814271668
-1448096554
1142835995
-1315746140
535940674
490766773
2039723298
939776869
-1952098158
-1457268415
-1869009953
59898643
-450296563
-1294712098
-837610351
787513307
1998670761
1123074276
1245843686
479281177
-1469207971
935071165
-1728365688
-942715663
-609781626
1994351190
1520214086
1013045935
2087223372
232388710
1878985040
1095886912
296206401
-1683624798
-1565149399
440254774
1258517537
1183217846
-539072374
-992073241
117953469
-406546807
-757528182
