-1166825295
931863228
-1594110646
-367594875
-1132127827
8947302
-623753180
-819030213
1450752964
-1242714758
-638048596
466826238
404432729
-2104581370
1982485234
217885229
-1103075108
-1907766076
-1435661565
-574184301
-1453834449
-1957227208
-1225932257
1640539948
1106036384
-103424899
1738785745
744706192
1517870317
1247601989
-1050789123
-1677704159
-249053867
-82237736
789702621
970264181
1455766425
2130728704
-947833737
-1286870283
1310147965
778331855
91656642
755749738
882106029
2034247644
-908487888
-1642300054
-1090250873
-198643245
399849661
842561353
-1840078084
827053693
1671120923
-1690488643
604974027
-883397690
-1997818795
-305093204
-2080044552
1580222173
1730487758
1053899282
-269370944
1965712454
1544574994
1560399484
-1847455945
-932367413
-120849348
-1441795171
1749565505
113637464
127500493
667234372
-299385125
-1998910524
1203066847
939237103
-914186535
-1076081841
-2068221585
1250312401
236491377
1365281143
-1850256409
-589488500
1797965053
1342057079
275204075
-685968067
2132563593
-1089897851
-771922859
1660147426
512198775
746793101
99642510
-574164092
1224422512
-58690700
860070310
-816858374
1974452268
1225577597
-166592418
-1980122127
530817009
1432896720
1247711969
-2068825252
1203164353
345609675
-1269762353
1894066202
434695529
-440240717
211170592
547830120
1412225410
398550305
-47034932
323174376
-3862652
-2001613914
641946858
-1715004950
1177280456
1785093480
1017133244
1196699821
-1824569661
-554031614
-2004807561
78253750
1253103219
-1853374993
-2126420641
200364640
-80927629
2028824048
-1717561066
289117496
-1429681925
927585118
281000861
-1896488617
739170808
-990139481
-1445598592
-153501785
2122031072
-1085748603
1170212938
1966342319
-497834864
294028562
-1952042913
271683487
-1396688954
1952440312
1109490472
-2045669555
-762858206
384338808
-1356239773
710528678
1835091922
-313779328
-1088974990
-568548447
-1948920019
-653096919
203364492
1845014847
-1388943037
685570547
1638731796
-1717274630
685063818
1613288413
-262782748
1780204957
1889557403
1620875044
1157129954
-1851180161
1848077550
592895034
-498128783
2011780601
914047396
291275419
1611358647
-587640943
1904238431
-632290800
2078339993
-1401917992
-1208417935
2020015761
1311872198
-760107849
-2028608017
1497657226
-1504777421
-736678162
558823509
1569544509
543827978
-534500443
-1670295221
744391999
1975814930
144006392
-694128748
138663763
-1985903590
1221708387
808632214
527174659
586262577
-2052337130
1414723014
-1092195208
-1326736469
1464457421
822054543
-61909356
1094073591
1332737963
476875143
-160439642
1339845409
-111133808
-62645831
-1579052985
-2076758690
1446064200
1665653902
-1125866514
573503686
1595593876
-1933598188
-1056629599
1984306831
409529392
-433987024
92943890
228997156
-459714071
-1749243346
1091317722
-627210917
-984302245
196328670
849336141
-490043452
-2127559778
580565509
1491748032
105862876
2040383572
1821472182
814326028
-117803598
-973134678
1016440345
-1813785802
1508643128
-968255290
-2021736488
-1238620001
-39408008
119458877
153389380
353185864
-539863455
130784191
1294603542
-361631986
-363652095
-920601436
-837061296
-1978075470
66923066
-1233574525
1578011025
-1527625437
-1784864227
-561985888
530392956
-701005110
1582240575
-127807702
1147115690
308487061
148905151
1289086205
772877188
1295558810
1441833254
-1080104035
-486404237
-462501078
-1182993830
1026202449
1553003745
2125938230
1928034850
57025714
-684063408
-805136107
1215115146
839734258
-1460339849
1117508079
-1420792258
504273790
751157281
862987480
-624792590
-158408169
-1956343212
1387179401
1202409623
1387471477
674806535
-1217478360
1452785772
-1096600543
773653558
-395789140
464693151
828979657
-1243701979
-351893146
174896784
-1222911601
-1776146511
-455408942
-880722132
-2037829092
-241379855
1241003317
1698930020
935097165
381519218
426676823
-120287850
1145851351
1453337451
267964325
-2133761422
833177343
200547944
783902249
-1399027797
-1591977658
765400993
-2026330283
-451531030
-1505665350
-1202012471
1089276330
-1031825085
1785720860
-1302651318
142475175
-473683570
-1344897402
1555862407
1291143924
-669208986
942969671
-1709305638
815854734
-963995505
1622254289
806247278
1704183508
1346461973
-166841855
-672865223
-641304527
-1400603626
501946662
171667344
259384679
-1399088720
-819862139
1968577775
-899214404
1061801977
-224982330
-1710299655
1250598398
1122963137
-1489986753
-1836445229
-441640404
786539993
-153611065
-665400558
-784847347
448101440
-695825326
-113735050
494952378
-340429129
750970448
183429472
905727443
1948624603
1276869701
-834985905
-1742348743
-1967751667
796431606
-1599525252
1150739805
-1991551000
1607959953
75211129
2033717930
1318365888
-1577252441
1666593015
692701006
1220628612
-1800973350
-1397617025
-2098968679
839155398
764357531
-1346633336
2123108871
-1561031138
1153173148
-797520765
-350620290
-743539979
-1162665792
1360802376
-2075288223
-751418197
-731927668
1575329272
-1222610390
1721469534
-1616520113
236468918
-402769778
220808306
-924507200
113051599
-1779281937
-465488814
-70200563
1030041777
936839418
-1538318715
70303987
-1412530396
-1528482527
957816789
-1576117435
-1229001120
671736198
-1942971618
443254896
-4117694
-2102429725
1095496502
1159485735
773237476
1496920559
1613845442
515876782
543974185
1066214642
191450750
1262642318
-1654482682
1614096148
1187425457
-873420855
-261429390
-633221225
-169072736
528800129
1574308112
-1496930543
1359156939
-235987650
-530488783
-1905901431
2040599805
493254894
1468678693
