-722670105
-1945221027
565824907
295721608
1325155934
-219548096
2099974660
-1443729796
-2087056670
-21382808
2135598559
422686179
-1161874966
1036906267
-1572858398
-1014145448
864436650
699009599
371638751
1480566010
1181043668
-1752721754
1098448270
-1454844930
1813848266
220879738
785376293
1795108681
-494028708
1575242471
1759066253
-1049001453
-1338981791
238285377
-59207749
1972849873
-2088299448
-230724426
-866651518
-1085685805
-311508226
-1660790784
-70522058
-561671141
-618288200
-2147363437
-1027126672
-675718242
649413738
173772297
-37472030
-1257650576
-1634113550
-790479668
348345872
-201228089
-1022761906
753222734
198181103
-1428062943
883979615
1536226098
-1259842101
-240741232
217081716
-2023962220
-630881360
1262554988
-160513320
1124915138
-1082550843
1765952156
-653156957
-367274610
907379635
1264152489
-1659667342
-733808212
-693659078
-1250850066
607098058
279054794
-1520267182
717495278
571014892
-450069741
46746152
338580877
-19222560
511587026
-846441074
1279018658
-726334455
1288927116
667875194
-1784427018
456232214
1511469958
-1042006865
1760744285
-1869955560
-54417698
-789602305
-965015069
1206865670
455983247
1647942778
857357510
-1465290190
-681620404
2078043026
1505354817
844936356
-1674850780
-605143016
-2056362023
-1855321014
1687877490
-1097843007
1987526187
-194960645
-1621757032
790637978
621352037
251050152
-622443001
1430956318
-1301756083
192375019
1906692627
470463110
-1531223531
-338085591
-1245840253
8016435
-1403904225
1592852149
-186482257
1394468710
306806024
-1759707068
69737635
1865582929
1881056774
-157736269
706221674
-1435941615
-1410710291
-270296946
1813298102
2095718155
-770800308
1393038899
2075467610
379668541
1085115733
1702490480
-1141149686
1909107663
1530731878
-285683275
-1803715164
322610500
-513591478
510619962
-477082904
-1481770037
-2020185173
-70789798
1558570479
-1758157872
-915473173
-38119129
748336956
-67553695
-769062198
-443168026
745740295
704687436
-2022215807
1851447917
-1591144077
-520988593
197644327
61035231
270751723
-1773854576
-325555099
-811993496
-402441292
1838068773
536993074
-1709960554
-1765548534
-1629283314
1891820937
-2124880063
-432380771
-2125796860
-782014743
1446349518
1877476174
567329151
-2005118937
-1447148694
-128754824
-1070836452
-206330726
-130863589
-948169401
-1137082418
869002572
-845644846
-560460361
75623858
153649456
2117964565
-445707097
-1850823528
-787962372
-622442063
104767652
-1090272969
-1184266967
1831544838
580179427
-1913898393
-178036594
1030303969
1271307490
-1528971042
-363910798
454906449
-1056271137
-1669393121
1586027320
1993176451
296780809
-910214379
-1904152380
1954918346
-2072549878
1062073542
-97342132
-1016499676
502061164
-1246062771
-1884070128
1974275069
337305853
-1389525026
-486490922
926566097
778333512
1709189
719819324
292664446
621908000
-1840063643
-1342742815
-1432700346
-690874260
-830438723
126721942
-447007131
2076859386
-1474402818
-143248168
1645633546
278418639
-1403371875
-918710997
2026637527
-2009766125
-964712377
-133002426
-1440187510
1473735265
-1957560430
309860768
-1181811470
-915871679
-1321888677
1114542433
656448240
1964276901
-1604456986
1337668501
-1535583685
456455956
497416859
-1337349376
793263284
401918054
499459626
1349136466
1051379106
1069002084
95366670
491757887
998190248
-509786989
-1490673721
342721794
-1877263145
1471040218
-1231904008
1816887566
281479994
237840924
1003949177
-976363167
1828450756
-928671754
926895215
-394712029
1599183659
-974689712
1984428372
2118248002
-1468074483
-129207081
367663083
245523328
1926899451
329498519
-1560300681
1816899073
689812948
-45840491
-1139156631
1444643544
-370058198
1256806956
-1052698587
-971394646
245074282
-1332152947
-1833317510
3968410
-1570973224
1034000093
1219043906
1467434216
1297762474
604199506
-278159905
-839102763
-1705561715
1568329412
-1441034868
580317279
-260169898
-1578881278
-1687277876
1070269245
-859917200
1490476352
-2112289315
1824355715
-145904472
-566937735
2076979032
-1538397450
1125501084
1152574479
69869609
-1304425856
-1357039371
-46080704
822133237
-110434678
-1538292744
-118507895
1883929389
-1628694576
-1771107921
1657629659
-1503272344
-1790663690
369786512
-1571378714
-1203664207
1256742416
575836527
-2004051095
1934636343
-398965390
680322560
345551309
580785100
1793408655
-1053485773
-338525345
325071715
-486149325
-1405995547
-275834739
-425270438
-1233821263
781786648
1873450654
-822182141
-31948673
-362772006
-1058138365
389874070
-1681936403
32174666
-1757837099
740056432
-980224126
1813479679
837078088
-873501790
1862682403
-647614136
522671588
11617101
605952087
1372948148
-2109280311
29240399
504217755
-794942043
482852734
-1541918606
715200862
1847220849
-1967062716
-1156320322
-596567083
-673805413
1284545136
-1387025260
996379800
-1208724667
-1950322291
-131806203
1840192507
-1024303903
1022295138
610639528
-1588020361
968135448
689166311
-1378321106
-391860502
-924867941
2103269534
-825445253
-572808429
826475948
-970534096
-90820932
-535379124
-2006523790
-1997519314
67779613
1653204121
1761195862
-375201084
1212892866
521578863
-1340328525
-645569926
226104401
411433962
-594696475
503084794
-1190062863
-1046400699
1729051842
-1554433029
1743184175
443604630
960576530
226337119
864512427
-1999389489
-1624957575
45295595
1661168845
606286764
-1478217806
-1244545241
-1889654046
-1224665782
-1966720153
617066318
4254193
-1004662634
-952133670
-1514748602
-938359442
-474293487
-2034985562
1147438057
-1194675917
-874054368
-799434823
