-1536086183
-1387324505
-1205677637
-751409550
-2004839851
1462995996
-118479936
-771766035
-1033220313
1345324763
-2031814383
-1276070128
-1910426049
-1360371953
-1044844702
448587664
1393249459
-938157555
1178055290
-971590960
-133853679
843081023
-1319604586
-435816822
-1156180322
-2120550235
890083859
-1139439325
-581467213
-1745293771
1294881041
-1210592529
1408263382
1687724912
-182015917
287860399
-1292791618
-1500381383
1658009431
-711111354
1362414054
2098975761
778833270
134696092
-1271693016
-555503646
779045128
-1298275861
-1916691795
-7257306
-1537689675
1209014873
-813414399
1089884558
1434750897
-939980232
1390485614
1084620536
1448926066
-656754651
332135848
437202391
968371605
753561600
1048484722
946978968
565714983
2099986152
-85958905
-2086995428
1715957584
1401434312
-2098020004
-1166515730
654262378
992183644
-1378254920
-882961443
75499553
686253838
1519610517
-773337451
1009878602
1376423098
546959596
-1636067031
1613573209
673331188
1246234642
1526182246
723321859
922161644
-1381177187
110155756
-236026326
773079540
311277273
-1322270353
1507902744
161886776
-1273210020
838719325
-1550391372
-1215590135
1323972466
-923708156
419913851
1215115910
-848697090
1343793797
-1777042057
-756100590
87472538
1216339938
1007877051
-1281166149
-473053238
-210914227
-1383903097
-259377513
-195463473
-1370364977
-1632872058
929808266
-1929543849
-1553689936
-813170329
-1620887149
1833806811
-1727808087
350512770
-265541250
1965244958
1782859905
-284651413
-2136255189
-729506267
999261739
684547442
1705865970
-944520906
-481155695
-1309347274
1996797584
-640003375
-190236563
-983338179
-1716512259
1397358727
-887460851
1844438382
-1010919999
-848419795
943984904
-1840998994
1328264581
962637118
1596386629
789481320
2029477867
226139217
-1962658490
1305818264
918263843
-1914623579
1191129421
-375372336
-1169300206
1053312662
380714136
1629703743
166370729
-1934797967
386548827
-1916567345
-269820646
-1518538688
72434523
1945002817
-268390565
2114156604
-272642007
-628392525
-1231923625
1007737193
515854863
-1983137991
-1408205415
-961568850
1259944925
-1195115854
543494561
1753193849
-1120390428
1089161236
-1483201558
1442109879
295670847
-800131182
1871457268
-1646586559
-1490464304
-1270082281
393021450
573798444
889101872
153420254
1372170123
-1438449556
-1478937564
-1518972715
66431068
-1604033708
-1705801681
1620843250
-1231808644
1751665234
-338754626
-2120164350
1030993608
1497619350
2066053455
-1988532521
-429536890
-372414310
1401903390
-73700198
-1648317886
819943464
-2036632216
664260470
-691505997
-150408414
2134176734
-399735032
666703041
181172916
1994851287
775546285
387085685
475443744
609303484
2121495756
1490284215
1589971496
-631587576
1854757380
-639891183
-1250483522
-709272590
2027468742
-1363823568
-620978191
1489420298
1166327456
-1701882056
2010670445
-1256816618
852585413
1769013828
-737085490
-1640562196
1481634872
-255264309
-718715851
-173726832
87351348
1077730455
1785964425
1205801499
-1046280565
2074025314
-534488910
1791387156
-852700346
1720828087
1065317807
852383131
-1939392307
1843449677
988760746
1989086051
-65329616
-267508217
190639495
-215513806
-198598975
-357151321
910567595
1708872490
-111844521
761935073
-846677063
267368924
592258121
-771416754
1514694487
1991235393
-725373298
-1452521764
-1725061887
-1638489239
1865381381
-1514409260
-1931461932
1814771884
-2146667546
823596488
-1004957096
-1590225013
-1281794781
-178495823
-1046122016
323337183
581700785
31475364
335381980
-541814365
229311371
2011435012
-286009578
2115690569
-1640183147
-92346346
-1788570307
1411725836
638000485
-2092120068
-24857074
1566384384
-755980125
1589956608
1835120511
-1314882034
-340315892
1201360187
-1812789853
1355234194
1480389374
-1629467944
-2020518184
-1563428048
-197208507
964820289
-1792453510
447150895
191449319
767486635
1700710241
1649663792
442570608
-1888515254
1139785371
115731114
453464844
1741184879
-1875612407
20383926
2006452686
-590626244
1090942229
-1741074697
-1181823026
958576410
-1863521399
603779645
910059516
446448476
-1186397093
628410919
-590799025
-1551693517
1375440219
-1560966406
-317724602
1884047021
-1514674239
231030637
-1333801862
-1042906280
2045827798
1858298485
-186948757
-600972253
790360465
1710508780
-181936709
-44734901
-704228995
1963853815
-2025949751
-1874029147
-1393993851
-1251207454
549053916
-1982992504
821276855
761259812
1453143314
-2049282041
662331755
997065601
394686205
789341854
-331248405
1596490551
443757388
-677912945
1984609180
-1588201076
-860198396
239574974
-925501190
61183867
840962447
-462831340
1770339639
-492107111
757228463
1152517452
-371318966
377359009
1662948042
474791627
1579795316
-42546525
-1135164904
2024713332
-623041745
-1333084377
-985349124
-121742712
-1709300190
2142720034
1783304016
-110444486
1851188209
-336762555
1393575594
1373686053
-1949907524
-1133017246
1709770442
-928019878
955666622
117563344
-792233480
1720407003
591088287
-1580706001
-2090656286
-1796045744
1488996834
1054737960
1878232516
204439357
-1666867156
932749944
-173869854
-1625343765
950668238
-689139299
322301817
1110929581
563001073
-1590721377
1675990506
118753523
309757299
-1360914581
-418534787
257965112
839792012
329408284
-1142441325
-1092532175
1048687022
1552495985
778805473
-629586928
665944807
-234985267
-1701487138
1238044318
1304699609
-1817357008
1500201129
-701896067
410599008
1547716341
1421698030
-1308336465
1095058905
1384678067
-820020249
-1123118602
-1001692610
2027912462
-1730751504
1291619574
-1621512904
