655936973
2113890815
-910815701
1175678847
-1082973164
-747089922
-787437532
-2141294842
2113177473
315677444
311517389
-618888317
2012726609
1458933303
-1890564875
-883236720
1519238450
-494639307
1089261108
-1024870572
1439409627
2066251441
-662749261
-1336556056
1991751867
-1052663864
2006344178
1766632541
-1504323432
785675846
-444705164
1319997157
1229602740
-1913429217
244959141
-27480594
1833662227
-660251990
1892688274
2010078894
224702546
613302926
-1514216810
-1489334531
1709400828
772729728
138129324
-1822603448
109623165
-1148761065
1434492340
-1374114949
-358644512
-1234995657
375550161
-194640752
719022379
1618581504
773550983
-613309830
-475851728
-1945407678
563118754
-520315721
1801321373
-420142091
974005010
-1876984328
-1334514374
562326012
1493612515
2063012537
-294438210
804968102
1186310718
624627390
1479298919
434758499
1566624358
-328265554
-34579711
1210119189
-1120031809
-1165597563
2063711830
1884844831
982330623
-495356034
-1702214678
-1523492515
1261230152
2097194715
1097903741
171500243
-2094121056
972389195
-1461948175
-121038516
1258600942
-1159214192
994774424
1780190051
381443929
-1898563858
-572950316
1929123871
-1202298512
658795496
-1015921681
-1250590843
1938657826
1703153404
54283636
405090353
915617858
-360720284
-1990210170
1701302054
-985267779
499920510
1132619348
-1634904118
1621782897
-1750605657
-1652743732
-1313586434
429166767
1455265092
1628339555
199439170
15362290
-2057230826
1527068492
376698088
-670244341
284458912
-1080817926
-232891925
-918754893
1701116727
80607363
1496991433
-1372881559
-838219154
761150256
-1044840745
-363309151
275659550
1894411085
750350241
920078836
1905513899
-117823752
1114081210
-923684978
-210685518
-1650215904
-177870861
-2030847900
-597839445
-2140960690
-861122563
12629887
-612722929
940196867
-646547171
-765755436
375384082
230238807
-901088489
1208493589
-1982406619
1260639890
-1781857893
499103100
-1666423948
701593790
-609620850
-804328198
-1810378309
-440556219
-723488905
416393630
-628065253
158650656
1658535356
-686996842
-1707130694
1509696501
1940532207
-592769517
1599984726
-1469945572
67332750
99254599
647057121
-229268687
611190344
813540378
-1542132174
-281739950
-1653988655
-63382776
737071851
811196396
895880794
1025030284
-576094938
-1378510375
-852188244
1214845918
2004277088
-1339687215
-1721643715
1948568542
-1171135156
-1661865379
252782236
1288355356
-1577853116
-1353703112
232088718
28596787
-543973126
987223355
1964065267
825944980
-1735671354
103224468
-1762423599
599785738
-577780523
-1641850494
-385364356
-1719479017
2077419286
689361672
-85538097
390240666
-1194495986
684499901
-1382185694
582372592
-1019299888
1161742474
-393970521
723969883
-1102302894
-1794007136
1461532588
685671848
-703149176
-13548093
591715717
-2063347860
1264309813
-1561915476
-436748408
-1305348909
1284881694
1793310750
-208357615
-1195739986
-875621727
-2054290959
673690887
1208606184
238471654
636977592
-122291575
1955120372
1462732149
297724668
-646410038
1528919012
-1648056057
2055164623
373914448
1802396583
-1547832955
-113226918
84427649
-584572824
152121215
1171161143
-1897263039
-886408614
1688922772
-1786452076
1207461456
-891247781
-322880827
-1190437664
-2108404048
331068447
-779565716
925355131
-916367332
-1535147815
440579916
-2049654294
2087724760
-908952621
-64849934
823528328
-1861925695
-1594819600
1270679916
1034717435
-1830335208
-1197880428
-512370898
-94781157
-1044438556
-531644913
-1439910276
1872541291
-2105602623
-1932758027
806478024
1024163072
1252849857
-1159908562
-924974960
-2089405412
1791505156
1969706628
1143895225
340682913
-1656130584
789125917
-1477010718
759362494
-1601482257
-1231002346
-1017209965
-1554342155
-1768038083
-206871647
-580831983
-136480233
-2046751275
1439609012
1391433859
792538565
-499028851
2110782940
-613123958
2083428543
2138170922
-1832817602
1323272194
1942888891
764769128
2001264383
1769809281
-746034239
-889175644
1059959883
1986256245
-971813088
-1763136895
-212245190
1124600041
716115859
1163328123
1242908995
988183999
-253527467
-576529937
-990820647
1954456371
-1163350119
-485918988
-1364103440
-70885661
-1709248219
-465940548
371387526
233251100
366304546
2141724310
1505619665
1961872969
761798168
-1235126232
1349032858
-712132566
1431766482
1233548550
-1656089408
-1770236198
616730431
-181878695
26650327
991032492
-1352263028
1567442441
269463489
-99974207
435785694
1477056508
-569416219
607675214
-1194729609
141875084
293344715
-838061876
-500528793
2096728778
-2118829755
-346928686
1368988230
-1797784180
-1736014498
-2122387124
834468495
-657854607
726931132
-793921745
2076644007
1795629614
-1837084772
-595491383
1900395268
-976948300
-535047358
515204415
-890545870
-1539221983
339124913
-1385390992
991984236
1440836944
178955065
1764651538
-1978759985
1224002894
1615353799
394565993
-1309223331
253203703
938219606
-1752992895
481229416
-1364337209
-1052707539
-2101571175
-1550181198
607454302
-692038869
1662724569
-1090550685
1719655098
761611830
2011080869
1460095662
-1607336902
801239924
-1673136989
1008240367
1526962491
82318960
-1470469800
514862510
338984962
-1052506168
-1902979353
617062263
1323386996
-631612404
1069904945
823236339
1852157001
1288562148
-971277691
249395629
1093225810
761433490
-1100918111
150829967
1373316047
-776294084
1084673108
-259186157
974889180
-1302032879
419364428
-687930373
-854371548
1259934211
696562215
987451588
-1763963596
1031156981
-206720509
-546779219
2125900778
-978029222
1421234464
1662822012
