-318605486
739501148
1571669381
995772255
-1478228367
1409340356
-936827169
-901102654
571184999
-464651068
1116682141
602860200
-725505461
-22451478
-1059975127
-921863526
-1968865942
-258956441
-454172934
193753170
1765532713
1999271667
-1354859950
421582752
240523231
423915845
-1826086036
275980277
1782992260
1184119358
1381775559
-1855940258
-702887938
915255424
-1173365404
1241865940
-1476293295
1359264306
-627474848
-769473165
133648990
581723575
1702269356
658730726
160192517
1793248356
1576730854
-1230811039
-921650048
-397613265
-325144146
-1137013431
-1159076366
1697406635
1593536101
958719435
-1450884185
131864217
-356431038
1930550730
-1466756463
806083155
-519754147
-1313277537
-1459971674
70225221
1367557083
-1606417033
1947226246
-24366832
-1980539446
442260807
-580239135
-939302042
940672912
-847644812
-941530711
-1998721241
-1917335123
-2030553191
-403968738
2120789018
-127451132
565760707
598298249
1541899029
449616729
959474522
-433329856
1005964748
-1510688216
-1387918658
1862134550
1198944911
199841969
-53582811
1764463311
1252672336
-989548038
178554153
1597748995
439976756
1531711845
330519854
-2112330215
-98791171
59538448
871165009
-459143007
1462207184
465930250
1951216196
-1110222231
-1943899605
-324267811
-777154353
-1312182545
1403820520
152032335
946973772
1703135727
1786269985
-1614821578
-743039028
1505018245
-16324064
-19309983
1432179821
463217334
-131967937
-592106627
-1781276954
-722587240
-74949002
679588019
-120482518
-1427139545
-240352187
301123070
336391392
1491777728
-1853340151
-1882024942
348160443
1285349811
1124830746
1629684542
902807002
-352058446
2102633971
1206513086
199370397
938919170
-1585635669
-940799909
-985950161
1859155894
1083844012
913343464
-1150641179
1354998936
341161550
-1973306444
-1523298552
-2037301265
-1967737142
318534530
1251176176
-1797275787
229628539
-1053941701
175426466
321510268
-187582773
-1948473124
592083334
1341589043
2007799441
-927214285
-1976912864
-719338508
-11703184
698969596
68238143
-447040713
-719167379
1985772613
1425733742
-1506732505
1558431137
2050012508
-1368466227
-1350841594
1334699186
-2051147696
1896273486
1917250764
-1703021141
461460584
1995500072
225533770
-747317983
-559111833
-1233548470
897285749
323105244
-1800216931
50086319
414164467
668483161
767091432
1424785342
-357797642
913211595
-627910698
-1195170989
-177951009
-1843891938
-1796285564
646426269
-2112022775
2000560355
-991663255
-1743943269
-2122459452
548313526
-400218284
-1798466509
1330696383
654005338
2123769401
1993488530
-755198301
300773304
2007042751
733429229
-135675607
-2118891851
-374226685
-313476419
1015276929
-428133399
-153760015
2115519451
1425335157
-1483726607
1886389295
1794995874
-1317088465
1482186649
-387825092
-309277180
177639167
-1053581480
-525549305
1818431549
41331570
1487986713
878436074
-645271969
448708942
-1083758024
-206787429
508102241
700808438
-2119099259
-261149032
-1679189117
-131384803
-668696628
1883690895
576244101
296781105
-160569276
-312918459
892639815
-1571445916
-1533681795
669924182
-1033984799
1780176422
-1183029267
-1775401343
-991173756
-66916603
-1472312184
-1882309831
1059135760
-841073287
912236272
1884333445
1877128258
-1045893113
1170131507
921882340
-615225082
-501228060
-224658234
-1598777689
685847541
1148847247
-1762312821
1658699023
161628624
-740352689
939674077
-2021502279
574877271
-1984848418
-1817736141
-2049496871
-1757089968
652424479
-1518848662
538781426
-1097891298
649669164
541151465
-1822897066
405376717
243807298
-1918357531
-499182341
-1615320433
-1668150184
1651629221
-91109011
861273819
1141368384
683168090
-42216800
1650541230
-1587972573
-123449560
-1658377920
-1180584585
-1640124021
-1471386745
692783816
664661258
-2057168736
1809752882
-2109005939
-287302843
1648434695
-1989926585
-633741142
-1741456033
1380753832
-1232453069
1238150011
-1651435721
-1584583986
1326186412
-655808983
418407689
746824271
-442952354
-1363422766
685901666
-1237023304
2090283369
-1405916418
704926519
-1057989996
1356610855
1357903262
2127047605
-791277896
-2111712487
365834737
-1018915913
1638918220
-931235393
141873764
1088170613
2042314296
-1857005940
744649173
1737502831
1453509150
-822797428
1061006161
193687710
-1188380473
-1348349395
-1716700147
46487072
-1972495340
250767913
16989402
633504215
-826596088
-1914066849
242986435
-529910977
-1270094066
2128607602
-1747144396
-329622785
-1712435372
1372498260
-1310705918
-614707403
-1895743454
-1208970250
-757664770
-1582105325
-331260742
2065302719
1138832440
-1673632705
178909718
-47994156
298580766
-1950656170
501341871
-754090409
-422538897
-1401786200
-2006906119
-1376902958
-891607916
1760033819
-751549141
-912596796
83715625
-987550173
-373115826
214047239
-492149491
-469975778
723217833
-1088501163
1951036753
1009872068
1131505990
1266922889
2065070707
-960702810
-917510060
-1349539223
-306642643
-1605284793
541155355
-358322073
725380089
-290411865
-235270191
-477825523
1823866379
-521926334
-611938025
-1286987461
590871854
313157271
-1830149144
1909556476
18527022
1396762256
237752842
-591791970
1048806494
1729931908
-1693890609
-782632358
1445342547
-1649107246
1531944481
2112016077
1473174736
1538556546
-1312879223
-1956798551
48925887
-2008374700
-406771246
609876371
-1553201006
-1305466270
1273541576
-1266982252
-1678585078
-909321240
-769068976
-823198752
478417968
-615723397
-1044323586
-463588276
1347583206
2044483711
303747734
-1119972471
-146022713
-909692953
721619551
30103663
1375765288
-1326544771
914898289
