-532628709
2103815495
-1571455986
-643606950
753368279
-1134951290
1989090286
68958519
-1691044418
-284525012
-1045421362
-798908431
688071432
-763657252
935244289
1166516350
1946592834
-640789786
-1528992827
1530573317
293156772
1637851101
1133877676
-170580945
2124771034
-1035856690
-1230134155
848283422
1685184959
-1853894988
-503628045
379908283
-778030300
-1756943480
24305948
-2076066547
545225552
-979617115
-582427943
-565138187
-1825669245
1921506755
1824214783
-1598572205
440000167
310133424
-2111319781
-1702049522
-367086119
-1907488470
-2124541523
1093803239
250191282
-1628659060
1871204072
1240643519
-2071735978
637897202
877049253
-1660327898
2078255313
-1152303194
1833972047
2090335425
1753334128
-1143190401
-676394275
-1252251297
979863344
-1356130414
369021974
-792854474
-384177802
-141106196
747194350
-940975982
1921894277
1366235583
139420182
-520955818
-1254659487
1009866930
1472622000
-2049603229
-108825600
-975553238
484696726
1402065573
-647006013
-1293371608
1502348030
1138992130
-242049267
129323387
-696265603
-1615787537
-994711871
-189010630
1144321023
1154652222
691391482
-691663466
2125515065
-623432567
1797799653
-1557387035
-1296367704
-303480820
887907533
-1372051456
-822186474
-2079007447
1037122534
1199268627
775572932
2048713911
-151384419
-797838998
495913396
-826739395
1876806524
717769807
436670796
101294931
-338707375
-1443543633
-665494329
439364418
273037298
567317694
-2066190701
-920073415
-1450311452
-540539332
273612983
2116746949
268153881
1157064279
845551843
1252436358
-609850836
-1721477105
-1004433019
525450203
1882507912
-1500868583
1206214626
-1450432216
1543706673
1509421954
-862194531
-630928556
-1008299886
-1750196196
-376556716
1085291013
1701980610
-1510603967
1468026447
-1785279543
-2147236668
-282968370
1629507363
-672942233
-1318270717
1405378113
-250288981
-1490936447
1637809693
-405291353
-1855631232
-1296184603
1200931980
-821619025
1525216941
1240129205
-1448737327
1436779560
246672459
101595785
-1635991632
-925422032
-1986763470
646629622
-404026413
631987808
-445857576
1909460711
-288125849
-1334137813
564561497
2106226507
-1172739931
-317283303
-1848462591
-907205703
1249593801
1822548730
1776753559
1333527184
1743557392
-1647430102
1128555961
644972548
-852221106
-62464385
-1669770747
-1022559128
-1459535621
-84668844
1715145330
959698233
-1586635778
936611740
-2097800181
-890554085
-643570111
-1402127307
1299574127
-1784984471
-1980332307
-404066390
127735738
-1774612029
-1812134345
1510776758
-559352031
-1477580807
436358514
-1796129114
1781664486
-164980731
-259151533
4532983
2044670585
1346272847
1988992103
552886957
-404587578
306563658
-229756195
-1953539772
1076394470
-1829765428
92603082
171063978
972810996
192852419
59984568
1700928837
-1283075288
-304084621
-411495287
815524492
534449916
-309609622
-124057991
-1019086752
-45113953
906800679
918207709
-1089896478
-1627946089
-1074391396
930261887
868617230
-919429515
-1059930311
1220280239
2034714194
2097830862
1890999325
2115988073
546220944
860929200
-483245412
-102867345
-939663056
-1461773333
587533435
-226194243
1127483712
-2064719572
-355252821
2055389703
-645377360
-405875174
1316177350
-1554048567
199369129
1390072487
-658711459
-1401313596
-1619681246
-638037081
1879076915
1169514792
-1428058377
28294702
1958211708
1929938415
1624016069
-2104892575
1435811678
-625215404
640573085
299698060
682494544
283794719
-2107573181
1469906631
-1259871532
1200233125
1961240399
1065354167
-1686981463
-39657721
772958349
2037676188
249391463
-469262937
1014749605
1242251534
-1085706229
1624226966
-847237758
-978435586
945049272
-1460712251
631256457
1072636071
-330818329
1457615721
1945771181
-480886572
503469199
492385720
1968584808
574770734
932861573
961030012
1100142718
-1799281100
-1887053019
-2072469222
-415737783
-344215955
-217351264
21414296
1127635965
-2015632044
59202955
315363917
-1080273553
1099288516
688133168
561101371
1417449772
445664396
97548427
1544123379
1847657729
671945548
1313239550
495084253
1841699114
-818539126
1702729871
-1221376710
-1417128364
-542085430
1752858618
2005793811
-505076570
-1283468296
-1169611948
-778815860
1135264503
1075720605
1657799555
94572250
-44375780
1624451176
69188963
1184450470
-648020570
1748055436
-629528266
-902302253
-715412727
642174174
-1552993450
426377763
-805036667
1528469133
847260358
-1404112283
180420200
-1204821980
1949067968
-330650453
-2089674185
60778070
428429494
-1265578092
-1462550138
133300803
-1763210126
552766841
-2107457509
-164263792
840495999
-2048153446
426128819
-622914145
-1855280605
-689270405
1625282585
-573118409
857028670
46585142
2004952320
1932569953
-1193622724
-1566171456
188706614
-468413821
-1475221234
259594915
831842820
-2104131677
-1055435655
1105606517
-2108331697
359848278
-107673642
-959761018
1738005787
-1295756678
1314066426
1167906841
36562852
-1986638613
-41592573
445543583
137996322
-1369266681
1430656143
-1932749191
1381780374
-1094764874
-2078674134
872531235
-1254064894
-175403576
-335793822
339132797
-1291069815
986916356
542798473
-127729095
1342708181
1385314805
-1786846614
1946499853
-688844900
-1389327534
932686466
350726573
754753875
-613246280
10416948
1489786162
2040947210
-1900566866
1054943075
208442706
1925068014
-40091052
-88770716
-797681947
-1475404561
-1596428543
1356564510
-1543894909
490718332
831499824
182547664
-789390961
-1040516275
1981287890
-1889669161
-143931801
1108258783
860433588
-1279424047
-54295083
-1850688633
1083981437
12550470
317263183
