708573661
1071721169
1982027941
-447305030
-18118416
-219520456
1745913907
-2126466197
318869462
284530334
161442104
1434416801
-701046864
832820997
-1033757916
1110134221
-1359378073
-1523991833
1420755784
1532408729
-1849941166
-1931243917
120153953
1307584146
1654688376
-1202888981
198399098
1819227324
1132355272
-1576796850
564710235
1392258714
-1809851020
480225115
1787803776
-593448516
196690546
1640946065
530311777
1218622631
1841594388
-1327930341
-1289059120
1787778557
1787576231
-90943864
-972117202
556578393
-534418919
1537498765
-1684565406
-1671340666
1768902046
-70062362
286710013
-725475263
-396267074
322726036
-201160051
197072552
2122621103
749989796
-1839517253
-961509091
-1106910874
277375501
-1069590234
-23263111
-25339408
687621292
481980404
-719142798
-1000443627
-1276531400
884282594
1657127960
-164903924
1812447825
-1252908270
-685058780
1275217974
-1943509120
820777092
-211536873
1885348289
449202737
1819884559
-82946794
1946850887
-1001189828
-479922811
-1419319951
321192009
1823946028
1587853106
-313296703
-176288866
-525771529
-1568167744
-1602876611
-1748650222
1771972418
-195353624
-737953079
1069396076
1891148550
-1309051389
1533165923
-510007413
473385467
571539981
-1437223568
1826670582
-1251803560
-40680217
1068827404
-2096855177
-1666558500
-2074137408
-1482288534
-1909673232
-1611506048
752963221
45324135
-422535210
-1445111932
-1914486150
1420237423
-742634758
187432559
618582850
-1574300192
-1441595371
1641339865
-31921880
-484248973
-1193881195
-929741382
707864252
-1270644160
2017870436
656141850
-2036290108
-1204853284
534047971
563283140
1564550958
-1311271092
355024840
1254334150
1126171318
240927577
2095698657
-255988871
821346486
-1154883588
1148285034
1515635642
1286450928
-2107847600
-1683210234
220706126
-2065234340
909378887
-483854528
-285830338
432836771
1887602746
-1081429378
1820884736
-324963321
1869101185
-1964336929
975979319
621368008
-451275241
-1678985851
212308591
1843712409
1388524341
-15674733
-956659128
-1765880233
619584538
-1952408600
-88426219
1021362224
499415504
333242123
-1782054279
1718884922
230064635
1315286988
2017231578
724308206
1312299934
200567253
-1237113307
982464414
-1414020628
1003185585
-1411709248
601087207
-1965920613
-1258807731
-794960275
59898472
989481926
-1399529136
1238889916
-648268651
1692177171
1319228749
-1842525160
453174362
-1521330333
483503847
-26402821
1262711009
1250907174
-1642841837
1621435036
-982144905
1768013493
-706292993
-1754840362
819064778
-775871123
2142663650
-750810391
-2070917863
-1851382153
1824765356
-1711263811
-784496611
-1618503287
-757935708
-691423454
974114313
1163765552
-2100444563
-1441571034
-1039919728
-1298126996
1031442329
2036908291
1381326286
1458525011
-1965482867
654137655
1448415299
-19165750
-214811314
885946040
-1075872398
1378260428
-1067256267
-1030871371
-1585654150
-833130821
1792795408
-94148584
-500568808
956262261
-1951339994
-994249948
519041476
-1927972874
-678071149
-1889956839
2093722305
-1330741804
-482606749
1763735374
774024920
-2048725866
432540521
-409640854
-1741682608
-22928571
1607288494
-422336827
403925616
-1078854372
948352213
-272064209
-928139460
-845501127
-1122435558
1354020630
-1793084745
2045526084
-1990447105
-740007826
1336599292
-523946149
1540788940
563925722
1167224848
-1790406975
1923025298
-779780318
-9060720
-1728099362
-1086672193
-946671529
-309568702
-163971948
-1882899853
2019079141
-670535781
-516501902
1078589043
915446052
513436089
1921034096
-137880181
455407902
-1016590460
700466789
-1100758685
-947479855
916416443
-1449849219
-1387617290
-430482262
-729510067
1335139039
-1184839883
-538056972
1397243656
863126108
-1010277263
-694230499
2073756741
662777782
-280618165
1116549769
774461136
-1660225573
1228220618
1799947945
-316215234
-417595726
207729703
131682266
863145460
-2042623877
-1383690135
-89389202
747566723
109337975
-2074591191
1498167575
-1121148630
629501542
-1963925871
246089471
-611877700
-19439571
-1903497284
1694775260
2052024692
-906294900
-619240782
1010930038
1438874163
-1692253590
1322569897
242629424
1507664317
1965314314
-1579952122
-581395506
1093820798
1693347550
1236306405
317578658
1351644268
1640081317
-465607000
-122795669
280938214
303214702
-798471681
1847127679
-626434414
-2085732578
-1514380523
560596601
710238254
816983647
-1567382433
-318254675
-1616296374
-1625009927
-526546810
-1026850300
100778994
578022923
-1579091618
1193876306
-809320649
-620911152
1493725807
300131004
-96920918
181570574
-1953225600
202865920
-1402903169
931529074
815238892
121502365
-749149035
395621324
-1512162864
-385945614
1833863760
302631183
1781516219
1517717663
-404910743
-572412750
-1668319072
-826489432
975158951
1929369775
1539505921
-1146080029
458186578
-383961096
1331411911
-1556883829
-2146297987
-1380906284
70258405
-1937177301
-348510375
838871868
-1187860220
646437097
-1486739931
-1728269116
-290603535
91462142
1868851179
-324223181
364200626
384420803
1154171977
-808568468
-871689783
-111610349
1764649007
-1322269746
1171687127
-1125250330
1605260505
1322625337
1644335140
-695146971
565462181
2065802145
1520300112
946828274
-1486090635
-1814833741
267034738
403284782
-836031820
-1350654351
-1317283908
1391933367
1673214776
-1893829915
-1879874880
1206833223
-1705699306
675387659
2018604342
1454887652
290979604
-215719517
2119110022
-1016717723
181440080
-1721567851
8915465
-914056465
-818160934
1296194881
94162737
264727726
1706772901
-895568016
-1648239825
-1389215389
1588208674
-1657821176
-76391025
