-1295694225
1710903661
-668728814
-1713879314
333264727
-1180408414
241915579
-915586611
-861918304
-11153131
1960203210
-109204330
-1633764409
1194405433
-447782631
885639415
292317729
-1405821195
1606302257
794073175
1818000872
2018292861
586759344
-694263068
1951776926
-1740489068
-62288382
575050949
635015335
-972565841
1534027606
153471906
-1176886993
-1483065944
-2038981155
-1999785809
-281714475
-1430949373
461866225
-1281648507
1020708122
219598339
400691595
-1539063503
489163005
244336249
-1822631051
458447275
-999339613
-905118172
-193252758
1982533280
-72950356
-449728132
-1043596151
1816371406
1259169219
238089104
1107589682
719592203
457383725
1962361048
-1746249854
-166239729
602437462
232127534
1005270068
1344032029
1688226257
-288554381
9794703
2067495460
1838423949
-1469955941
249170377
-738751069
-733546078
139321169
1731717119
-177103904
-35342502
1551664622
1597902716
-1753026994
-178129439
473520681
-467257354
-1236333944
859555883
-2083317795
-1053389401
-1942781104
-7350937
578351304
1487109443
-875083302
-1552679615
-2123877112
286783465
121862168
-415893264
-1690340927
-1192007171
-677632689
383346269
-618886361
483532727
-431586654
-1280317759
1472903838
843346495
2115711995
1213068327
1259839134
-1315603245
734017517
1996650371
1913806592
-1202366736
1783556339
1183702936
-1257082740
280299536
1160568919
-26674267
-1757596556
1801285559
1373745589
1381056373
122274
-1369705437
-703458436
1161755380
-1195639533
1451113438
-1824200508
-1479368543
-35936350
-1612861116
-1111715987
-1525360600
-848276053
-1038007016
-1500345026
716316391
-1981163621
1683008227
-806853553
-974956244
839551175
2119801831
1172928195
-1891339405
-1498874474
-1613052626
1461383246
-1711686288
245975036
-926662702
187315511
-1296091659
-1702076832
808857518
505312863
2105554778
546105765
-397402385
1310731415
-915953584
1679138402
1674917145
2085164137
-233973855
976916656
1642817473
-1898420444
-1946590885
-363940296
766044440
1399265527
-341073603
1998094344
914563917
1203507643
-497725046
1307344885
-1394474880
-157478397
518325562
769136176
1646145831
2073283156
-151748818
837552301
1551318351
-19204151
345393944
-372764531
766889710
-247022084
-1067954588
1748239401
744934625
-1549683568
873050066
1571792961
1940361690
-1130312117
-1416100072
-2141433942
166847085
-795231907
-1813714232
-296322446
-69747938
-491754683
2044859056
-1771222246
265540897
-756889863
-394983545
633240696
291300229
1795578470
1117455190
936979206
-670028892
-392175266
-1225598022
-1510634538
-1198549791
340006128
-1230818168
-348039283
-450279872
96382715
-985809810
1093863286
1532463100
2103746162
1136535321
-132922487
-1810339102
2140847391
-88430053
-29874790
-1148401253
-982226981
-1067559333
1132324146
684955899
-399334891
2088520599
1027601035
1357514010
1381633904
-1824542802
1536440072
-721833445
1073771315
1665140934
-430314221
-1232256273
-553294173
1027301394
-1035592387
-1590869310
-2145700131
1297901732
2107591380
-314230690
507244173
-1632514217
100121385
1982865594
1749251812
-750504672
-607559404
-1942752807
-1886847765
-900687231
-864611232
-1713568216
1265019521
311129583
-926984894
-721150436
-14698217
1613212860
1724697087
-1212135719
1839296308
-1097739506
1444866108
-1279989334
-1241522315
37779113
-993530533
-1074698445
-242933277
800269260
-485370418
-2041759736
1438514551
1384940709
-73225300
-1262363662
-1436047961
-1811939529
-1354535726
44300949
-1118550372
-1639653184
253007070
-500371002
-345032427
2099867713
1623245043
-74749309
-943408097
1862602647
1654850943
308091400
-651664969
1966149639
-404615700
-2067862113
-571227465
2126755416
1059269208
-2011984173
789410774
-981489685
27579284
-814101024
517605575
1361533019
1045602650
-1605788272
1584753953
2116577375
-566973709
1387034750
1046517993
957474687
1987847813
1893787893
111970964
-1427150077
1688236077
-408178909
873005451
979425761
1389402027
760656409
-61424528
-618008014
-2047057308
-190551940
1069513577
1508133267
-942915977
523219276
-647721916
1490763659
-550428649
-1625678703
689789636
854984367
1990241583
199688439
573137723
1673843375
-772652312
187995365
-240774635
717683441
-2121413113
-770631405
750968988
86426156
1702030253
2060620756
-341981570
2060614065
-598263269
1429142280
-783123947
-1474595512
-1699183935
1728239039
-840620421
1993089844
96597290
-1585192210
2067363280
1034325237
-1524177427
-477271058
1501341036
-1033749051
1287284204
1533547027
-1417936627
1899791934
698364747
1142794709
902416078
600359861
1289546957
1771983399
-1448514270
200709126
-1086432163
-913840790
-1212400370
-1612074720
-1561732710
-174283992
2135360849
-1375276522
1017840821
840435424
310821321
1002210070
552378262
-1725589569
-1181712434
1016700909
-1787522644
-1255223082
-1222890173
-505428185
-551988034
-1496721257
-750682756
-577879049
-1410168348
1841795465
156396335
-1343871603
120354354
-1976199269
1049418521
-1109333750
540111280
-1037261003
-1715209252
-2035168242
-1693979146
-1637271815
-1870826975
-57971305
-2088207297
-719963615
-424305252
-177238674
-632942798
1273476505
-1297910081
-820686
89926978
1501364908
-883256503
-1083646669
-1670648046
476199107
-739248072
2111181446
-1580550605
-788057039
907016944
35964859
855459149
-642293789
-171966077
-303142738
31980808
-1842616905
-1385830381
1772556480
1652951003
511662698
2072103133
-1473263146
1388228637
970128866
1378880943
1609746548
1695718696
-44093240
1041420401
1007862601
612700977
-639197786
658475742
92821881
671392618
734403126
-939215778
-1961491657
