-8983298
-392354689
-1493755916
-2047268432
-37650905
-1078493997
-1348591799
1964093145
1199707914
1760990855
-1284932781
725179778
856600498
-1666730645
1695100651
1518688713
2027340112
2127505850
354893536
314306791
1143613205
1871812692
1543179705
1068882374
1408298189
-969900010
-1658628847
-1226832326
1457067038
1609427581
-595200308
-1863537744
-1511807856
-456612581
687180249
-1280450891
1800991625
-1693333662
1664788812
-1179864500
1336268966
-973649376
-1787315883
-1093745737
754926389
-398184550
608368350
-1009487021
776318696
1426619955
-437621258
-126002142
1860500530
-282053927
1220632922
-1955878009
174710203
135886173
65010772
1138586547
-223711794
-646873772
-1962008164
110984117
1425533442
-836360833
-1716527630
2077807501
1763369434
1953841815
260581622
1252524112
1249946217
164736610
-643779595
612187908
-556358231
-273904259
-276547275
843006819
263426943
1149099924
-530312940
240037012
54949846
-867022955
1058760154
-1662385499
1467465508
-1689507161
-1603965595
-1782676786
-303939651
-340312400
1909935722
-1742011924
1849185631
348920027
1851931642
-1519429610
267236875
1809051310
-1396915088
-1366359776
1117214392
2024830656
-1612052220
1874741963
1174267614
-2086652571
-1180075722
-107920432
735170832
985743027
2074187523
782083738
-32567141
-923871190
861743716
-550773332
866625209
1150154724
1743729244
-1565668482
376511620
-945618650
-826461859
-1595041075
558512045
-1191359730
-1601217813
-417433038
-544014920
2081757855
195368511
-1708586937
1845908495
271261809
-778670240
579003555
743766930
-127239982
-1143708367
1096929298
-1704241086
2134679878
-2072358174
-1470010597
-458100683
483458785
-223873237
-1646860896
-807963575
1518980394
-742581483
-1131330096
-1826911518
-1773539601
2068503465
1035757905
-1567420245
-497002749
-89029631
-1026210903
1962916559
1879194741
-1898325033
-1620378396
-1936463225
1773806700
657435374
-1422388741
453594336
906409418
1113056415
-1498351980
2048574657
-2009968955
-674429409
1169332245
1087477830
-413297148
1222512514
-1717733432
2143673406
-598759334
-1314681696
-838471650
-2081495629
418216031
-1979191347
-1789709110
-1043674975
2043984755
1946091695
49025823
-939403688
-1102248662
600932754
-690298311
590927567
1491590880
-1984107795
1011810237
123473617
1865797815
219184733
790668736
-1971376237
-1180907074
1369806316
828482857
-174108403
75841746
1959297913
-1752013523
-750031730
12943670
-1896510626
-1440910014
-201045049
430529881
1440733757
-418737406
-569033443
1699443635
464920980
1643182745
-1746055125
-1094281372
1311708830
645541548
-487373679
1134339656
529033621
1619897309
1828025888
143088823
1979274429
1961944705
-1823829538
-248286025
1710044309
917582123
630810590
1499285624
-827894933
2064420621
-1102667510
-128112579
2121926286
-1327820971
82427982
-369371302
-1729939601
1987650254
-1271362002
2099250447
2043430327
1788553832
892463193
480879604
1863876307
407692138
545038837
-280453274
-164054389
-431994268
-515762446
1951904485
-2108314890
1982498351
1288750172
-1098183583
-472192238
1499338814
1428874413
859941692
-1090094310
1843023270
-371946660
-1504446964
514996481
873741307
-1445873812
-1936026518
62930068
745246422
786198120
-1843123036
-360952899
-1493033940
-1352672042
1664934420
869384547
-530767939
-966993435
827727985
-589026313
-229928395
1618058771
467299539
-1814635247
-1099921194
585243236
-1752770985
-483920923
892185204
1595221544
2027562864
1817623182
929081011
-886116030
-304261675
1158139242
-753559522
1084423308
-558713231
-749442429
1743270674
2120468274
2113834188
2116429325
-1086933555
-902400454
1126412169
-1529053350
-749091789
-1671154193
-357717450
235926659
608769498
1397064875
-858311455
2006679177
-321816409
1363735947
-1128890169
2101023486
1245321404
867831859
801251035
112349188
-1967494198
587643438
-1189750586
1586130748
1486915886
-1730893957
1393551263
416073034
2132429288
-1482106894
1362744650
986868795
1882108613
-1301727653
-2098820476
1538164441
-506327049
-1802685772
208390720
1278983227
359444268
-1357053258
-1474724145
-1914581312
1267723254
-2006877576
1808002057
-148846086
-1424064970
-946530451
-1442288716
-651571639
112094308
-574726349
276097476
358805364
-1397846474
-1699793782
-944159515
12135398
578948614
-1012055156
-936413436
-1923945171
2063752887
549540472
31026806
-2059407477
-315686389
-199474582
-1567528985
-1424595488
1659620563
1156998848
-548199393
1388196230
2142105147
-770087372
-701772049
-2011631801
-856670694
15557185
-1441910927
-1662081196
-380034821
-1867997611
548503634
1010480688
119224491
-1646586965
-211298460
-1725249087
779705335
-936432092
-1857320777
1121173140
-1880792626
-1539620631
1893542947
852735750
1308444316
1352380891
-1022550620
-1194318122
-636870501
489423185
1321769788
1594710878
-106493636
2002125017
1539514865
-349444087
-44265173
676201739
-1114037298
-1771317059
-1670834026
276368385
780150674
1989038593
-1167732139
673662704
-1216940600
395778515
1830300969
1059068598
574274619
1212539864
-711480899
1567525547
-633722120
-1501354349
-449385464
-925093451
1234011306
-1850483065
1925409460
454423963
787880350
-96471338
-2111473360
-428527068
-904349642
-759497665
1437737231
-662640808
-192759779
623736689
1824105537
-1994376965
-937817491
-397366377
-107305359
-677945172
-309544356
735802511
433235738
248475969
1639825612
-749039377
1980621288
-499499511
647362927
2014510078
-1617375880
398348293
1645915810
1099256559
-499630783
-584605831
682337002
-1275750104
772023108
-1253387174
1520636888
-1694276601
759859197
252068646
