966052890
1759819549
1473743770
-1739065584
1949511206
842178414
-1730671858
-2018351837
1995869521
1308491959
2130460523
-1486915188
-570030461
1673460237
-1041245815
2077545298
1418989635
817315433
1431743553
1169243581
-2035284805
-489668882
-882202730
998607137
901026479
-352570851
770477926
-872334742
266016852
1373554332
1221963784
1574163749
-1022391397
612234283
1730551090
-1922600544
-1669738526
-481884814
1481193570
868213552
-940987140
421576084
38721318
-175403172
-32426517
-129474373
-729834381
-1985351420
-1675267263
1579075756
1394471584
391853084
-2046206493
192565710
-85401661
1441784168
-1644347631
244030202
-1876305674
52920075
-2129264757
1623710721
-1238718425
-1060021522
-1094068939
2041988307
1528153812
1968312872
-460906372
539804905
573647437
926831752
2013987435
-123175031
1502111783
-270108202
-402292357
937150211
660254381
608143166
697149949
-665302215
-1169892532
-1729243080
-1378686001
1455215507
-1166020022
-776208964
-2144011117
-1764079724
558149034
-469830219
2128858935
-57273652
-275387853
-410738882
473302425
-1069639715
89955634
-1026519591
-478227611
-1968930996
91728207
-1664445427
666767262
524777105
-2030472697
-920651169
1806882507
-429555875
-898350016
-1760812957
-933151470
208820521
-331019656
-255714177
1936072474
664519693
-1640397443
2008219232
-1549492386
-2010134018
-1336192073
958257568
1339681997
-2071311571
-733604609
1339134870
472016541
-1793703957
-1272089307
-1074337936
-342450529
-828509355
2033105198
1402093959
-1008525797
1150856993
-595006046
-2060672592
910855892
-1277749611
-1574074902
-1164774182
-694646929
1464524861
-1834008336
664660631
1005931680
244657158
-1434365049
-1443643070
2076757264
883532601
142118025
-2022095154
624703977
-486549442
-343374423
336552832
-1778200513
-197542627
-35979955
1213081128
-408128206
-999406397
-1405389575
-1959392356
-751172156
-1399939967
1010774241
-1384214877
59336383
2084882639
-1574619388
1714141827
1893821339
-1400709589
204208761
-1855404756
-415527289
2146747113
-1414416214
-86577330
1656857902
-1951589632
-629943271
-925863743
1331350129
1304365268
1456212142
-1261047363
838126615
1107312192
-184137306
-1657059128
-550804252
-1599565168
-1989636175
1275489194
1661901581
1011431287
-1535084053
-1083905766
1843041064
-1266583581
-1031039679
269808679
541386876
-873184082
-1127483728
-522103881
-2106884620
14632829
763538975
2122563477
-1894304749
1096333073
-246458594
-130049564
-1577257083
-596666604
-184638265
547706761
617640241
841451536
579226130
-1353903760
-468631923
-733629849
1309558150
-235213706
-784092268
1353337424
924473280
-336572172
-369928972
230197974
1566828666
1115749059
-562012672
1030287055
1636060479
151875296
1941415468
-166938282
1916361648
-311543434
1338782652
714200860
1737229437
-2072769835
1390719109
-169848166
-1772867260
-1641673519
1547492552
-316287763
1076545579
1485151587
442180822
1399909606
-927230419
-324797649
-172839997
-1385075227
708344892
1157604994
-1648297921
-366198733
-1799274961
-790802537
-1309516609
-46222199
-1195069700
688404524
268971694
-1940264570
-151405601
-1299122774
95994961
-1637578968
-2025840575
-221415243
-133844274
1085526529
395724819
-431154220
1751666946
-2072432560
525695220
-277350664
817068330
-599313741
790551374
-979006989
-1592420547
-607813735
-89895841
375091986
1252586068
-1635783417
-1893794704
1506832048
-1950407635
2099448009
-386444970
1439293664
957019345
-561954512
1832926034
-564789728
-727801056
-925834831
-1272526968
-1032705424
2118846755
-1970804100
981454833
-1525026991
17839755
662132245
-1373997814
1924081007
566225567
145821754
-1333737093
561894490
1672988128
733386390
1879849404
83800589
-910397457
-1130034122
1683629490
160331208
164489478
1081381212
-1802448085
1974159975
2033413027
-1400817023
1111831243
1905463417
2057948301
-2102085249
-1887125484
320218843
-591423061
-81014486
-1068222995
-1424021844
-782193759
-1492873203
-1799051065
-1969599006
-1106261686
234226620
-185406719
227456061
-948521062
1632921918
-1100924169
-928278830
-1984156544
-1856442346
34622967
1627967894
-1418494808
1559481793
-1942672987
-1834747792
1938828836
1684353065
36241110
1812189609
1318779105
-180951799
-1215121873
-506217260
-938919638
1017849765
-1836624846
-1536267846
1728228766
-105509318
-118408772
-1508720863
-2107526203
-292254040
1967394031
1370999090
1871272833
-301013068
-1940966412
-926815176
2135707364
-806525018
25851304
-551065887
-1361625778
314042994
-1625895653
-1469165202
-1661177650
-1139856803
-866477877
1820011970
-1454920175
-1033568372
-1950217568
-889291957
-1662607885
-524735135
-1623132913
-1062799727
-141015252
1976853992
2113729105
1300688338
-404169917
-1791515224
186471292
1495704865
1898899053
1574935234
-979868195
-1673021041
-2119656271
-2051868653
-1960313940
-590722044
-1059545564
725016219
-1696952781
-285742468
1549741762
2071310559
1107530079
469200707
-883467940
1159804528
-673961364
-1828444398
-945089409
1730191891
-429506301
936265469
647890542
532942119
-136997740
-1303338196
1629362619
-2018952898
1937824840
-736375613
-279947203
-1323731206
-742570557
1406723385
2119096155
-1234428289
681638110
1272802611
1263579803
-378792279
1541262877
391628547
-1630551290
1143765266
1372743587
1108766122
1397087101
-1066222062
1198617381
638532082
256289756
1459826521
-2062256917
-390948526
-267996390
1915817876
897055641
-212040212
1673292454
-1826300425
127128373
909703843
2102749829
-324676282
-190763624
-1924272152
-975213977
1636801252
-617060906
1155812970
248101057
1931334276
482618435
-318622554
-36630910
