738416005
-1241618033
1038494708
608417877
-157656789
-102517190
1812095780
-1719320619
-1730348319
1427152641
288689559
956702793
1495127058
1281903404
1653495854
-418236615
-1562652137
-1020261782
-1864466103
-408986379
-883189414
-254427628
67972827
-1188180818
-1464597666
1627345547
-1735973497
413472500
-373836327
-683049786
-1672948739
158445924
-477012848
-920660670
216616861
-1793000554
-1609659528
-1532481685
-2043839319
-167975294
1347798342
352874691
498870516
1372442600
-1391419910
-164685935
-784075638
222508658
237592427
1549967913
780637984
323225842
45976441
-497144589
-775945712
-886006038
-1659492918
-1309735617
323347584
849136538
933466032
1182557833
-1935292659
1195004442
1109286875
453779669
771400747
-1230552055
-529681734
1187297837
-556716046
-52615065
-21546446
888820725
-822660641
329630653
-299760522
991922564
-1132858566
1292250719
1499565528
-1882328281
-813880667
-1044942473
1768313020
1696889723
603235484
-666910253
1489185798
-1549827194
343996316
-148925776
194413720
232139127
-860937483
-512157917
1462187802
1545353439
1417572724
89456513
-1611399229
1857169951
872664861
1761559494
1971322317
-665601888
381400280
-792457138
64255299
-560319127
-1289524572
-1282650292
1916004788
600972252
339540525
81782199
-84701854
-566312532
-1276469290
1422855269
-1694847099
1330910877
-1351035760
-664959759
1563722898
-716496497
1793940897
-2049642195
1685091964
-1810334556
2078108439
-37964780
-1932749426
1572089916
-1076246944
149231055
942264093
74217156
1645688896
588863331
1015696503
-377995392
1095311869
-64787821
-1570632077
1863561412
1797872931
774594843
-537007319
-1492235097
-1687723616
-392025031
1571648719
-794753683
-1357465816
-1444553136
1929215906
368652362
-674638016
-341145864
-261292556
-1313054880
1368559120
-1483932549
-2117494217
2025311821
-1581145602
93846162
2082669630
-153734682
1582246061
-951784822
1598293835
1398304088
604904587
-416077456
9878427
-359645321
-1669246430
584818301
-1774255735
-1544367441
-13714294
1680651110
95285024
437827733
2107046784
1881507329
1774744801
1041650143
480706019
-255593053
873374113
945178628
-1026656312
-430838492
-46260338
1009695127
-1934610687
-908462297
-1923639817
-787268466
1225294252
273221580
-642538896
-1960043440
1257585547
-756328286
-502588525
726792571
-809948212
-115785280
-557597868
-2076594353
2066653317
1227353795
-114307629
1238080005
2115588
345219996
180309233
-1964466151
1886384747
1292784328
458411794
363602166
-473515201
-1994220326
1097131478
672111310
-1077995357
-1342837169
464682071
-982340575
48228225
938846171
743632207
470355060
-796803170
1889308166
1441123279
1801961705
-1335614716
2093227253
719899240
-1910917380
1661167237
1659816186
483784208
-2032535645
424411111
427214330
914566198
459846532
-123929050
-1848142210
1046909329
1970788026
-1645637834
1060866796
675506780
296642286
1212868468
2112960631
1144941738
-957104031
5212285
1243012949
-1418654179
-1251218171
1213752653
-594566638
2064415858
-1788072056
1168804613
2061933850
689635348
1494382520
1535932387
642094946
-1354290951
-905343310
1622343784
-1396319597
1172424536
1036459816
1541258395
1352914259
1225835432
-1246097392
1091839952
-672089018
316321721
1968368700
-1196464257
-1492632630
-853499056
-1600830529
-1532528443
770757503
-1000763494
1734927888
-1352854109
-1965330553
754346196
2024492362
1728354073
2078401877
360344375
-1176939121
1107765824
1490007689
261958853
-1067827241
-83327976
1571928494
1319825691
1123733859
-1991055429
-2014398503
1588172276
1653458272
602401604
2058725762
1119800731
809763131
1215987566
1598974347
-1510417702
-782785383
842789254
-200326284
-88528248
-1432444833
-1517952193
739509850
1491396688
-46864177
-1981384954
1188357886
518708062
1207147165
949203033
-1239714285
611364455
-1471008968
587538565
-679628598
1319709360
1290308834
946098020
670105997
131994130
-1497451284
1102885989
2065367604
-585566748
-1243460118
-650440415
1621462778
-495623849
-1257109097
405965792
-566759468
-1217283994
-1824853589
-1114765177
1248698084
719640569
-1934962284
-1534878494
201437223
338733542
-1547919811
217212912
258185463
275635216
-2058111327
1196360636
-1555626442
-203211895
151170461
-1144316429
-1596591728
1705703038
520147171
-2131664785
1267175810
1354070993
1723686560
-109271761
685353604
-1578911977
796149789
-1864817442
-748186795
281000432
-671802559
-894863661
1300171295
1602343767
753299242
1067765550
1758980258
1974459302
-610460899
-299086983
-2025414638
1519911247
2145153586
850881857
-353168208
2098711293
-371691072
-473234045
-623345836
1604992182
-2143258518
-1317792338
1912428363
528043872
773194091
-150067523
462851118
1494487562
1519487246
-332420825
450647370
166227812
-454694993
1297258616
1445991288
-1337219283
1105663977
770452699
-1260405484
1576679629
467755166
-65014390
-1707252958
787863819
-1065363979
-219015488
-1175056583
842218896
229421531
289421116
-353948029
-596129845
12126937
1354692283
-182429657
-666623826
-1154135203
-1197670074
1726261900
1023132060
1171183068
-708538980
-1573259261
-224662672
-2127082756
733076618
-1576669239
2000695479
-1180459157
-519800655
-155359890
-72348802
720473786
799373653
-837183079
622492794
999539682
279679105
1675966288
-1145888691
1244264502
-316213504
-1361686472
-223071949
-1084843475
171861637
-16627742
-310502117
2131892866
-829979262
-139805250
1205188125
-744053437
1887969696
228333596
-920779410
652633094
78725191
-236434382
1318123609
-1241758669
1149362197
-937669816
-192749630
