-1146515066
1383361927
-137736897
-1103822775
-134166797
1661086380
-570044598
1501510275
1808934239
191373032
-2085771077
1183980083
-605599522
1371462151
556675937
-1461126100
-1161396951
370050838
-1877634083
-2050018954
-1675834504
-1475502739
-910893713
-2101227920
-1542731400
-1700666779
-1350503741
628920911
-119102718
-1685400203
911418253
-1143444732
1585545476
-1485936193
244767158
2078811976
1467113905
-1261868503
-1179124774
737843060
1081899816
394604205
-617818365
2016416790
-159006780
262226075
-1517031013
-1570951500
-702471209
-1724515869
-1638475591
2043972197
1694873014
-342428067
-576050377
1746888893
-846089915
-1559639974
191373534
-17808862
2032053590
24897409
-1506776600
157185562
-970375091
265669307
-1256447250
170750169
2039991772
1560150035
-1782418382
-538858585
258583360
-959583366
-1052583222
-1278636986
803924507
1219758523
-904501361
-290657517
-1353535675
-2052107640
570764035
-1910869420
-2028323134
1239314062
-161456074
873674094
1819241690
-1299122208
1063196017
-357585607
958774292
-243606071
1085528204
745553418
915438319
123204571
-1818744602
590426994
-2007433363
-323716323
321729131
990418270
2076605058
-921603752
-1759750206
1033700751
-465825273
-1736307106
-2141957133
-664049580
959042942
525066876
1913183523
-1456028738
1274896333
1305343674
-2063200016
1420539760
-638972198
-744793923
1884560636
-1984850424
217724797
521852721
-2037003764
1518724849
-364776930
-590083424
114213555
-1193686246
-613765163
607148772
1619410550
-1637839206
1657161510
34365814
-1072223305
703988204
-22996893
-378621741
-1927509581
759295335
661291396
2024132219
840079150
-1396745833
1700960204
748016219
-1423593524
1935269587
-1440248146
-513378273
-532797107
-1547868203
-1264357022
2101658042
1444378052
-864945172
1015942492
-702335110
-1377850812
131705163
1634019848
2110044564
1918647098
-230128465
184059493
2127267135
-1116437236
1372167926
-1413797626
-736638014
1323650035
588706753
1179352193
-1495452058
-1547026561
494794250
1343401767
-2068681142
-1512258858
2108496195
-1346920538
1911157536
1016182763
-1312446066
-678098894
-586144476
768155727
-828799280
337642103
1733535726
-1160046513
-429791297
-660323445
-324914514
-524192698
445295449
-373036267
1728105814
2028792463
-903747446
1253958440
662440856
791388653
1024610028
1907479720
1484683063
183419077
185659537
-1633638704
1103477833
-402765836
-1929209280
-630060337
499327199
150896824
1310780860
986576779
-563322100
-1681668530
938247998
-469682102
-1212120134
1874575623
-963938332
1673814478
-1017843255
514531746
216915634
224725469
1980794542
462459251
810672294
1838933070
-73582108
-1009652327
-1340255776
2022785078
-1194569205
971436404
-1662599935
-1677895672
-358191637
1290027074
-1388618752
-2038237566
-1887370218
-1707747992
1480608405
-738373112
-1532854037
-666208554
-799167897
1581986508
-1010896292
2085780548
-1652328570
-258740119
-1490534141
438218294
1097890495
1568348710
1600307894
256456583
-1981724339
-2144182070
1382776936
-2037021578
1058824084
400024114
-155253849
244013604
-2058005074
-339941485
489781427
-51975534
-1109914808
840543436
1727243380
-1750758060
1572512338
-1797503105
-749682095
311175580
1958462655
417269477
-385805384
854678468
-753931575
1022807644
491479009
337731871
-662699464
1213014193
704591813
43844678
-1373138184
-591005647
1452933064
-100401813
-310329037
-1847916599
338386058
5193748
1113913418
1058603576
-1498729809
350008842
-1499277927
-142541133
1951707640
2014241442
-1156215852
-1127581127
-288800158
-1393529487
1858719368
-343173868
-605975479
185585302
1141548382
-813244387
-1337344418
1146209982
374761140
-360294439
-694211364
-1640800794
78951418
1936185223
-2011083109
715398682
-69179440
1590195952
1363458666
1623972365
1767886561
-1467628749
-1502032164
1483099542
-546671495
2082753360
1324484194
1470111026
170798227
1550035727
-1144441216
-2038906833
-38164911
-1534474174
971314502
1841273612
1467744606
-1230687721
-971131853
695958890
188436805
-325486187
330589183
-1480711925
1656495254
376723856
329892207
1367986242
1884579054
1586376270
243137352
2032096174
1422035650
979989266
1096107070
2041183321
-786675106
-359607457
1652503292
-1452570510
549078569
-262662481
-1107802746
1206315065
-325358422
170606186
-548478108
197153862
-296700272
-1793111433
1013681742
1328014764
155998105
1748069917
-437224319
-1246800142
-1443517058
658901580
-1108164511
-886090067
-527710618
173417495
-1906445885
720554855
-1595294231
1459821301
-1261791208
-197027709
-1133375522
-1646707505
-1424589735
1094607281
453051444
2007166188
632299089
14199977
-84015580
1503905003
-2004299841
863794782
920200677
-1550380670
-1822450313
936128531
1675176391
1323720044
399999945
896148173
1974767665
-1835328754
-1188927902
-488981040
-391850316
-1260068607
-451712508
1141662696
-1649230140
1091847630
-785610666
1966570691
-1469026116
824297650
-2046072682
844035292
-1288925192
913517430
1217715700
-1804271212
-373220224
-1056951666
1867646672
1879351876
657910385
-1645117856
1891461395
-749254803
-599552058
903284759
1410695622
549200668
-1052089297
-2033664341
-2001226474
643317357
-2077378793
1495368402
-1174943248
488354835
-1676037392
-479031166
-1922508979
-1986563103
1476675547
-747123544
-217786421
337410834
-209483931
703944967
-1442448627
-875574133
972563373
661619376
-630683281
-1156504572
-1357033589
1138237293
-1507751697
-1146547943
1296630974
-736413079
1485450580
1844075676
2113698223
966741988
-1715279531
1520607448
-76471597
1155174377
1678449030
-1477777463
885269821
-345369153
