364454780
73052292
155906500
-941122014
362223885
36560303
-461542922
-314249875
1677848518
626255225
-1064691746
-128956799
1411762785
-84145781
748948476
774916446
-937374764
1778100685
-868953194
-1880388350
1833731220
263030521
732502382
1104861522
-1711575451
426046499
1115001537
746946565
-101001132
1631743129
861318211
1029009145
659286060
-493402628
1958355000
-1119060335
1372780873
-259011704
1520381625
-1115346769
-1236920886
1740643067
-248353297
-219832036
1040727871
-848471197
1517220617
-1116684337
1116643218
-1212467633
-1956490814
2081305891
-545256374
1838573615
107586050
-1188259709
-1285111754
-805025471
877944906
-1199555665
-1987996381
-1138775411
1091588509
-1221982447
-2072489858
291176411
-656921937
1822875218
1355760848
360343184
-450028101
-2095104582
-1097832923
-99977562
1919097273
1968416651
1742322559
-2067136343
-1081056695
-546719077
-1849365278
-1876505927
1121328914
1528210598
585143672
1622345984
-573545780
-79395603
550105082
-1874305566
1732042150
1667193623
-63511542
1718713996
-259510437
-533137967
663038195
-2105928313
-36537097
-1420510481
1198618855
746538602
-710392322
-1045163884
-612903005
-775079214
-1792983744
860416291
-532177959
1750624968
-958777262
-219828062
463420016
-1528174771
-867447331
-2120333929
252342819
-858487769
-41115431
-1265334719
-2007766672
259050156
2003592640
70442681
-334517811
-490900185
-581743741
-1490773265
777409156
-1595367665
-1430551038
1321503343
336367482
2104919764
-1141959818
1406565056
-557653990
1866730716
1148700469
-1447637914
-2097386154
-679005705
-553458991
1629912220
-685195178
220315699
-1859100331
1417070621
1124457628
1379639273
1719016115
2027594060
-1112068943
511416271
1078851668
1155129062
493886248
109222361
1412165912
-106793274
-1691039280
-625641022
123621109
1374987876
-1444561786
-1940264951
-1772306666
-1060757532
-542042719
-1417757727
-578504922
844520843
265505263
-1552049796
-2127762896
494216966
-2081647713
-1284678296
1571321865
112529787
-2085597370
549908020
-1564723604
1114469370
-1551081664
2042458403
-1933471822
1474738019
-1411269009
-515450356
-1851321250
-201830740
309617978
-1309765588
-361803720
412974282
-2128359112
849850952
-274754412
1303416326
-115222228
-1616995104
364154257
-207637024
-1143518169
1312740011
-854074297
-159293776
-1496661678
1160319522
-305309285
460858606
247201796
1649010037
835569533
1299768165
1970563866
1552845414
-1115762413
781197898
1641047037
1890837998
834481990
-1766964827
-1733613759
-194013302
1390803704
-654612484
1657778835
1247834692
-539872099
-1097018852
-172571501
1556902824
-9575325
-1735545577
144077576
134609206
1321907579
1878850311
1193256525
-30672386
68705096
1546539645
-901846876
-1578079105
593624995
-974755155
-1732533107
1038282583
691340469
-672549579
482749872
-464092724
-365099442
451167768
-689723340
257752928
-1221578580
1732602090
1103004125
665509088
1759452985
-1324128075
1163373023
-319798118
-1784541094
1949334172
-576849009
1130946875
-344586777
-444286223
1187682735
-1347890407
-153763028
1421118426
-343272606
2017979641
1910603387
-130061860
-264377941
-1288489392
-1514973906
-916497646
-1997552774
1442828847
-862970204
-1298242723
14375940
1599214391
-1817900771
1679287125
1706283707
-1807932754
1482477721
1688942793
-673934398
422107873
787804129
28619454
-582768042
-2109104316
1231002110
-1839139377
-1018992102
-809608438
-839489606
-1337805435
-161015295
1339723045
-1163203979
1516307237
-1084330789
1422667712
-1087072522
-1786744724
-1521183924
1162160762
1062725250
-1753405915
-1102021994
-671745865
-1249278969
2096501419
1670740182
-1420578937
-2131752747
-2030280627
-1551396193
-1069174280
-1433846331
-1404150745
99206291
1036462931
-1260862144
-670304361
2064135155
-1021064399
-829760188
-1661563544
563728047
-907149340
-936426365
-1176755945
-1989741978
1076634546
-1687975117
-145613726
1764695797
-1551481203
1019532630
-1106816381
1343705439
1624819528
514444167
-1621463975
-269659981
1742913492
663888635
-1285958162
2123741328
-1572035569
-211274268
770493613
-2089351087
-1652814882
1019383135
-1625731028
1555292931
-1174554507
770320646
-1530711156
-1037736075
-1543601150
-1681849494
-359462496
1514766032
-433160465
-156862831
926553906
1686342741
8056215
-1940210326
-1184328500
-132796707
1129895410
498538791
-779413498
-671673937
-1639210376
-612863156
619324259
-930120732
1008657755
-1115048577
-488959296
-53266480
-1499580586
-1622633312
-572209879
914933923
1982521123
-40962766
1346922105
1905786251
1127021767
1750191077
1054627756
1708283899
2125273000
-2115261272
-1719500396
992002404
1801586805
345199192
1243611066
1843210539
1668265416
539002207
1090231061
1553770379
710049322
-680648823
-1170787083
1814795249
-1329721892
-550079240
-165464601
-791253144
1803863422
1821356188
1685779448
605034396
-869752540
-632336954
-58565062
1170653850
-1879641138
-1143209327
585474023
-1298552001
-1583440674
749882417
1846997867
-1020185077
1584477505
-316454103
-1061660367
-368006855
-1454240299
1941236835
1811100844
1113674147
-1281573697
-604242544
854568895
-732586041
1729533242
-1299255683
1049726121
1088901029
-1597532232
-46428440
2058444400
-458916583
2132528159
372068804
512783200
-1461173198
-635485776
1914679189
2060822962
1649533539
1396840561
-1766921959
2050042233
694734174
-21382588
2003127576
-1910754715
1737738437
-496162779
-271774687
1871094179
-1255207564
-786099718
1862714563
-99433106
1573766094
-307381408
-561731406
966057566
-1601307694
123870073
1748407956
-2037191654
-1992441449
122085321
1038741722
2058399686
1740665453
