-949616698
220954510
-171217861
820337593
-196446869
1346827103
1814575182
546269780
-31638028
83202135
-1715189862
-923389982
-1208523297
1838694396
-1469548016
1097486762
1255201775
2122685140
1865939551
1593445976
1033454603
-2105377206
813458868
1367468616
-1077070177
1085610985
312324413
1854880667
-4818950
-1634443223
-291912269
143801132
494730511
1100920104
-435685971
-1475905587
-341548335
-183385763
-1543925226
432815386
2025901892
565537714
-1276215376
-1391213291
1001788708
497644099
-2076130384
1406372432
1927760199
89127784
2070335823
-1577122540
1904506260
729773457
1662120995
1510179306
-2135811670
646206786
1520757141
-2094486850
1831525503
-27845666
-111535559
-1003081115
145587797
413669038
1452654036
-1659367591
-802124989
-1297823103
1101766378
-11872816
-1487336907
628348181
-1104966696
-1934081330
-2091901661
-510843394
-285663255
-973672735
-1087464757
-1194752921
1411215745
1965951256
-1704816518
634412231
-2080214137
1756534631
-959439743
-832777604
467614527
1876517882
-2138910048
-1048053544
493296354
2034378205
-1113705736
-1767383167
-1689067485
-1944671935
-1569629251
819739316
1879575116
-424797009
621445027
1500583379
-15736977
-518113717
-166942833
566724355
1155723943
-942891132
644222285
814382362
2136532944
-1839576092
311363865
1014165444
-623617459
126173071
165751454
-2071705116
-817001712
-1396419359
-1159818184
-900321791
1506661911
1634156103
1425691878
-1497138494
293187510
2085670042
-1039901772
618553480
-2143034961
-1421448922
-1922625920
-1328385616
1145120293
-228303675
-368037259
558221133
-711122620
1567023674
-1201406792
393458911
585773978
1744953055
1423725984
541007511
-514552020
134911250
393812287
-922998898
-512012355
-536625425
-435533242
2034897997
1344128259
1211606509
1478191605
-2110255657
1556263116
1797333551
533984783
-746160454
-979220685
-1601723335
-945150751
89281302
-1467702613
-220954456
1124908395
310302786
1116080784
418280643
2143048481
-1140473612
-204122620
683517301
699521655
-2030324044
-1526110955
-469610726
164774453
1040957192
-1246461189
-1836118259
955906213
-1449672348
-1986754785
-692550295
759005404
-1233764430
-2037615553
-591463833
1898163554
-364355498
2058048992
-660209058
791442386
-1520840695
267705027
-1028644748
700232028
-977669814
848631484
-1144731324
317388405
-1717614230
-932763902
-1886540702
-1975814972
141827624
-414971372
-327575980
-1277655031
1020800075
-1296024475
1036227775
-1970439254
260801236
-1883220184
-701907121
182101936
-1561989880
-1404742253
1546939712
633524810
-782042656
127192318
1230799314
243398540
1840233160
1994416831
-43258149
52501801
710428556
-1536316505
-1487055171
-581442342
1425098417
114076359
-1115301739
-1282501534
1279115781
-1982199858
610008548
-972900675
2104829044
-1585125325
-1969547363
1054091996
860716541
-1254151443
975591817
286401247
2032460105
495483041
-1081403558
329865057
811991097
-941347219
121365035
1480892771
-66233196
342701387
-356077293
-571553968
199134763
1421735069
-651878963
-1432383039
1157985343
1521107908
-2040211779
1094746939
-987101054
2031793279
597911897
1783437921
-1890037890
309368558
-1642880392
-1469699868
841925653
-920788891
416905134
181706531
-915856608
-449999352
-354039559
-521766435
1021838121
-705829695
408155657
1577357213
448404660
1211399505
335440293
-880620823
1467780194
1275005730
2123166363
-297790672
2015474536
431006698
-1880287296
-1560059551
1187374897
-63570576
655086722
196106739
-726337509
1897942764
-872950537
-1821648436
-1681098633
-1228886356
-1899406324
1329235248
-346890758
-1656892672
2142275873
-1457059335
308857294
-645840731
31288743
-1115361570
-656153436
-142000801
2115223430
1729615097
1273503529
2054666439
327854542
-1468980949
-1273100717
-289015793
-1903932402
-1439050370
1216915806
-274208419
-1869671629
-793742035
1828288466
1849621928
-726590325
56588918
-1938437745
-359598998
961335472
-1220969473
-1300670200
110264502
-69899866
1404703035
1485994250
-1769660795
-363366864
-670021609
-414270625
234162635
1005642814
1739983373
2033685617
501144701
-206541208
1293510881
1332452793
-878283216
-714749431
-2077155797
208176955
-863948099
537133678
-749089702
1591654838
1933864893
-26727115
-1940000085
-2146308045
-1396095745
1996493499
-1513365984
1518785517
2071609988
-1908201302
-541720257
-290021949
-904852090
-541693340
1004145003
414306360
1294201910
285680685
-1633844740
-1344611318
1247877066
1139964295
2076128369
2049027174
1520023276
-2049165678
945030160
-1353782581
-974994958
-2067991733
-416821495
530473354
657112128
1227606640
-510987911
270287659
476457308
-1854073192
1142151176
1986149943
1755587361
717869134
-1165603482
834990365
-1206865479
1222074376
1632288248
-1520715406
-1368809218
-1422968794
-1066082161
1774355636
-200862396
-1087828993
-760536268
50757739
-1903053858
325784393
438089333
572408267
-967283805
314894691
1174199306
-48805876
-1534063676
1161635534
355363767
-1520382227
-151005376
-1919188064
-1765680319
-1000952034
-701556618
1018240895
-1031154332
-1047834499
-162107451
-607718818
-280810125
-1004228755
87209263
2051338720
764175998
1441785974
-1784547126
1013164275
330257183
1991935238
1558138521
145208008
1261879756
-1557941956
-1276110296
-1485997816
-1372543033
-575634899
-963771641
-1437040430
-797637581
254412327
-1794116724
1540716681
-496855541
801568299
1053885108
-1164032262
-1314583879
1053881656
-1311016072
2001569852
-986257691
-2040647925
-365858671
1947203343
424798964
1126745728
-1598812357
-1788138117
984426613
1412833928
638564466
1801900799
-539704911
