-945554847
1095681397
-288605078
-738584895
1758408768
-579096128
-1258980352
-1323988861
331728030
-588618269
-1936694517
-1718353354
1781390149
-1686218791
-1783503080
2090255572
-22715792
-1658984064
-172325622
-1922426872
1402757380
990669223
1652579885
1328533624
1652270142
-1528388664
-48475832
1166933715
-1305469832
533471627
-1616347445
72842799
-2024581858
1408272941
334202177
1180738712
-1284465828
-1497923605
-273156650
-632479967
-829333679
-1084949676
-237089277
373733275
-1171216131
2048138336
1982725266
815666466
-832398898
788870663
312370236
-1446739584
-1364616092
-307467858
637026227
608553680
572610680
1522496590
641510056
1226671831
1764976410
1054155663
-721068503
598614380
-1662212819
183732375
2123872336
-492819681
-1136201803
455648932
-1976352125
318963959
-2021080769
-1610342014
-527578226
-80614560
-1398997524
2091909674
-197857713
704353560
1605841661
-1887237289
-1652601886
-1079302506
1980601662
-128734537
18169814
-989676215
2070335147
-1404346281
-701681332
1869266144
917573902
-168389031
-906743783
1362983112
-1667343262
989505505
-262422312
-465618042
-382424373
-1918522396
1919438595
-735427176
-1735895767
-805713304
-1337038185
-709077463
339061415
2079635043
-1006008596
1486538553
-760689676
1758131557
-353612914
1496057176
-828631875
284702909
-1455138138
317376977
-544460280
-712487560
-1010425902
-2079984113
-716980318
195789548
-1116511878
-475663017
-1921159717
-1247377984
578175106
-5810986
38020489
905797748
-705245554
2130547876
1152713783
1659092324
-747898841
-1253871593
800549156
1448975733
-1317360146
1650779411
1782050899
-1380260677
1609552661
-684318764
-726600668
1140332078
1467663093
831487322
1287583981
-1494807636
-1880937085
-1147355628
1594167557
1657832159
-1589011492
-1108910559
-1967924968
-556961977
-582718515
1481559995
-1850457022
1149344545
-733736830
1214825465
-1799234772
8421481
-542043735
754348893
1431745225
1021457569
-637869264
877849478
114603553
-867492051
1728449707
1653770990
-1042500958
-1909921003
-2146886650
1439046328
891804179
1196375312
-592310828
117484955
1106840522
1043077684
1738323303
1410716397
-1967754654
1003936114
-1573635308
-1063508167
652196176
-384218052
1460567117
-1565403083
371004201
828877209
-1913935586
1944366148
-337194484
1260482903
-1186462106
-1880867698
1026984212
212699428
1488313552
-1958091485
-1408303035
-2139178164
-1876135679
-1637112343
1552585727
-371851603
-1835230565
-1782188323
989816902
125220349
-1862751577
2070820103
-1319334367
1732227387
-1199133812
-118300069
-322913622
-886649984
823482766
-1902710046
-1487501790
-112796549
-649757029
-325855306
-359823068
-1481763718
-1617997399
889385611
1013422931
412140646
801760955
2133117451
1607911546
-675786764
-1996971475
-1822114202
832676381
797018618
-1108223951
2107228912
-305679472
1364564061
1628243447
-60992626
313515866
-693755665
1239493552
-1585461189
590946960
1159022057
-598744309
-1731071298
1547699342
-510916315
562035954
1769037048
-361100290
582407158
-522523763
484926648
-1966637363
975701571
-146531745
-788089742
-553885355
-469261361
1666627100
1692373670
-734125655
827258855
865783039
924245251
886865371
1682422849
-700943961
-2102760594
-571863791
162714142
1573904576
1703536305
2095719830
1889869592
-2008185672
-456560085
1505534304
-1029012319
1824814299
747532673
1644504603
997482685
-556549572
-923053479
-2144151962
-560997160
1464750577
-1781555854
968959450
532645193
1541305283
-519240645
-1490902154
1262792033
-1502711222
-207702212
1512156137
214434506
-2114356835
-339753232
-1634058981
-1703256332
1879114024
1675848926
-209075460
-845368924
-1286952829
251672179
-1125791806
-1734876737
-908252361
1556637830
993173002
1645098224
-2023306680
1572763032
-220690124
-1222996487
979752923
-510488117
1524492301
-623974168
742778417
-1186966279
693403617
-1219443533
-1789353333
-878789231
-916327846
399955327
-1150471112
-806631660
-299734876
-763066714
-268849242
1302407857
-1793847812
629018162
-1375471887
-871903104
-1100038765
-1655404875
-1021856514
1313893171
-76527170
-883862376
646547265
-939036776
-2077035161
621804723
676473525
-836392834
-300817009
117323111
-185481297
1532809142
-904267172
398263416
-720193090
361815167
-1175950814
481808752
91531884
2062765913
1075018952
1186866887
-1043352545
515894832
1096040657
-1865355617
-1497946240
206379880
-1445115973
-1597370310
1804126331
1652636454
-1807024024
52724640
1977527650
1998703925
1808563898
543563081
-460338728
-1749518537
1268362735
-1910213884
-2107334702
-677193487
-347596916
1647226521
1160510475
844151312
1789380420
2121935450
-1996757164
969576246
-1654404653
-1044336085
1211356703
1631296684
-2119018812
-1620857350
1177855522
-1050746894
1992894070
-1361406538
-1093262078
-1297764896
-1474485027
-1801140021
1641965091
1445355371
-82965061
1529011839
1592119410
98389532
-407303261
-1701586950
857750959
-1462107719
-260349030
1528271217
1434112745
-2011547112
-1001203376
-638737309
-1218272921
1889831288
2108580587
1997616085
-483775384
481858662
-17783498
-2098024701
-807866437
53676390
-2124455470
-578478603
722213360
-1424946418
-1465112663
411267721
-282487022
-1696414083
-2125283086
319384174
452057134
1120958088
-233375499
682487203
1102194812
-2001527110
-1492304038
-2107316716
1123809871
256431768
-157128814
-824726918
1389905398
1137660990
-1023034763
739780818
313720778
-800395819
-194679507
1107013916
2057526663
1711361453
1209261466
-173911834
-1481438910
878899230
235246747
-1797726438
-167369093
-72310741
-1432495695
914349336
-768313621
616472216
-1893868379
