1298836680
-1200385870
10662859
607213492
-2012231834
1261536504
-445310893
-2012393703
-650215599
-956850768
-736016385
2025176926
1103455845
-945833724
551691991
236140955
-1491796080
1157986954
-250694352
143371900
-2142122283
-1423852337
454444971
1530594681
1584692978
1302965443
1704702827
1502370834
-279651028
1262705189
69947949
1913889739
-740374367
1352912041
1760958074
-1443724121
1334706002
-339267869
-2055007091
1130707066
-227413250
-1366601309
1725846512
-1594094765
-463050736
117542513
1422313938
1813184543
1452152203
-1665460538
1835728945
-1180468672
-1769752493
-487476045
1220906647
-1567055719
190517285
-716068571
-1370278283
-562365401
1201445810
1355761791
-698206472
577570112
-1235459879
918739823
1269329083
-1292298015
1832101228
1740433911
-1166269132
558657541
-714567512
548961617
580441918
769160255
1722226670
-486333845
-1174873784
-1356514914
1916195793
724705725
-530687544
1138566541
-839181362
-2030175469
-1012967155
-1647764773
-1284114057
-1112937963
783263180
-803596864
-1652638716
-424986106
1003765673
-606384414
-684992382
-974007327
-355928384
1920589230
-772234805
-1962357070
1891690116
-1920831916
80598460
1476990386
1885006802
-451294452
-1619818421
931185299
-842936800
-1301009855
279338498
-934654396
-1428187071
1909259959
841353231
1649956132
-1006853294
-1219940707
-3253153
1531079109
-277289102
-635514548
-1532548437
-721529296
-887469759
258270927
-270843821
-1897319121
1071660426
-1135553602
-958095026
1529150568
-431011245
1189153565
-712050912
-1603587745
-886865349
-268868423
-1635737228
-1484938644
-1067292892
497881118
890304019
305538594
-1628337533
-382776922
-878436119
-1836638814
-1834188333
-2116562607
-1724994787
907533885
1463828526
1987549116
-130655676
1360829044
1896985726
2001050536
-648885158
1762711746
1282975510
-1671034279
819761635
890095200
-1633241740
602110117
866330126
-63471284
-96403036
294955905
1585013080
-819602008
2089625995
-379296454
1403100048
-1606094969
-1088884972
1846919429
298032126
95045029
-1147897745
-276494299
-561738099
439952033
-634532784
-1014904207
-1101473183
155139790
-1665999207
-1017850097
-751716752
32798229
931268942
411715423
-1115700567
-1181504439
-696465255
-1928849793
-361955116
-220476963
458558352
32963637
1702551000
-1863262249
641999059
1300231443
-1114478091
975722816
970823541
-740731900
563484714
-1445990967
-453339196
-1841178910
-288128247
-104952463
901681313
-995768059
626621188
-1142941245
884556696
1482023177
44259268
1314622874
2073684178
1022660056
2089914829
878056387
235638304
-634408833
-935392783
-983171912
1275836980
-483032660
1214972211
-1644059239
128815993
-1736672282
-946502312
-708234652
-745927359
-1407155697
-1488978948
1125673178
2079491751
1737773749
1355773240
-514896427
-1862563435
-561014208
-1662441447
-1273090917
-137996576
-1868491232
946816715
-294866739
-820280169
-1771431399
-1736753806
155928639
1453519179
-1282066064
-105010742
-1011200902
-399669580
-597500080
-1286280943
-1953889108
-601871999
1652079808
297170684
44571570
612077095
1382996650
747622412
-353578220
179065454
314875312
-1125318508
1216115140
1655826701
-1733987307
-1649331409
-375787762
645925499
-347152968
-633464285
-1403416439
71418402
-327169094
621722142
2128918659
387820818
-21030744
1533969925
874566952
1838751961
-293987347
-222010992
927552732
317922967
-1559704067
-1864026953
1774272199
-2115303478
1448411482
480737917
1446000383
1718542236
-787332115
-1456220311
-1063043237
-1787685832
499975131
-1787685144
-463620616
1925999368
486339417
-872672186
-1841308722
-681878910
1417773973
-236260869
391059977
1719083909
-1252022826
-2091049314
1828425261
-2105538408
-1665863088
683352645
-344250962
1677669920
-202430352
-1573697520
592468092
-2133409613
-932679434
1005227159
-1136207290
997150803
-1145864072
-602425457
-1872263280
1180837673
1884587120
1551585237
-890811119
-2112100154
-752343607
-1932761313
305745314
-2020740399
-1432571925
-230687555
1130050057
-1324026104
1390731190
62119919
-1847896770
-910781234
-1034261807
1738047169
1488990465
1561173265
-899884783
-1452638580
-1120029269
-938003201
73084332
1909730494
-1020205971
831686855
-581840110
-1845334774
-1333003686
1760824660
-1123318858
649072919
651200166
1865553515
902850378
-1844785254
-1389880513
-429998465
347232378
791187053
-1387825470
1311093436
-2115105495
1634919693
1296087461
546847267
1132750573
-1535584960
-1216258145
-2021501074
-764921127
243777223
1857213673
-2039510338
-1057777000
718036104
690866633
-552097392
-1117153269
-743218036
-645259836
-2123867745
-37474878
-1763545578
1345477060
-291234134
-1231984870
-1208111226
1576682936
-56260326
503381474
164969928
-356759843
1847611622
-1073524686
-967337204
-2017945735
-1406197144
532743753
668560296
2084763974
-1427795950
172453232
-35700625
32742577
-963574471
-1500579363
248559993
-1944086349
1026225291
664282168
-742133038
-1860042832
623295567
-779033959
752454300
-1423100730
-141840540
1147200747
453508644
-1438427574
1664246123
-1417611613
-1625667876
-1876499846
-2119627504
-645328889
1243669479
1811267811
2122718516
-344032024
1665800683
-593115674
-1305514749
1699378375
930103294
-1219671006
1871500070
-1906548532
807872546
-30407726
-1626563970
-2026945364
849266629
-418794837
1542575591
2003027774
807246049
-1622459109
-617437391
915922395
738100417
1448138465
12355172
139460084
812250323
-1772179334
-1125955467
-1207269538
1163793088
-2047757533
1543501337
-1589968533
-1685730100
-1793211329
801329218
654609795
-159418775
-1694187455
1572979337
-421207036
-2050544891
