-1198976869
1889778716
-478274482
1400977295
38030814
1179951047
-546078237
-397336336
-1123723094
-15203560
-840152170
252531591
667927694
1939046593
-188090945
385353095
1690260453
1649481254
277861938
275537091
1924479670
1944431646
708626735
2067616282
-252711326
-1283531742
1951741506
-1887497275
-198791309
-1771392949
1759251011
365463894
-735380160
1229021815
517287545
1928272676
284665287
-402595313
-1558536529
-1077848016
609746879
-1749185163
-280865382
-1266434921
1991726869
-1544228530
-2063082086
1960322066
-2137830031
1201085574
-1784046556
735303137
-1793736183
513012158
-110625708
-1458176176
-1229929476
-1249938334
1059485557
1536465169
-357373064
-252180326
2078362542
-1870669108
964232622
1606272800
-727688139
1335468674
640193848
307939995
-1679909809
1518714841
-1288589470
-956272958
-758744078
-707068176
-1448235927
1537657569
-123541746
-1608699929
550199829
-133097477
-1007041768
1143689672
683408407
1395516677
823289314
1632255145
1832268392
-79608851
-206424621
426155652
-1581831638
-1319255168
-1142645154
-1989841145
-1596991502
873086807
-334206788
1260838117
-329339945
752872446
-654147720
118928383
1993601192
1352642075
-1955292136
-1030988474
-446639409
656366774
-298029459
912060196
-1653828605
1274483029
118704652
-513253663
-696477194
-704038167
1596883533
-991450224
1597875709
1898733993
-1919688335
1755876159
-852998013
-1411885004
-591824690
-919207744
1039389009
1414742628
-1130470582
742766777
-1401401082
-783067816
1675758134
-421136682
-844296933
-1803464171
460177052
2080774555
-1010054160
394002064
895534160
-731245170
-2124071797
-1656965822
599884493
-437563057
1228647121
-954796299
2073039762
903938427
1502822600
365449377
-1882287770
748060355
1908909151
669971884
287941720
767837625
515858408
-1335759788
2003734550
156817172
-1412271522
-2144020545
-2061005016
932028419
250064896
-629847799
1966609733
1748601643
-304213019
-817202206
-815787208
702799418
744399219
-102255674
-972210859
-1586028540
-1761923769
1743637746
1774657454
-847061708
1657820931
-458885535
2100844763
-1983012284
-934182517
-786685661
-1178558616
-606955417
-346607965
-1730503321
95202179
-1188238879
716615782
660090877
-1441656947
-1732019152
2120410590
-1377482985
-1693657361
1850120059
1096333723
-1321140386
-2014282317
1264875489
1061241677
1148179945
-536321947
1335861833
153185856
943082261
356253130
-1859950135
963344249
275979461
1891294219
939168764
-1493951420
101094658
-1930537956
-612732645
894778449
111797428
1128139351
-1412141388
-987552878
-2111969686
1750359150
1981709508
1759252041
1404678019
144306195
215327753
-536717597
1495035804
238006613
-42815995
-2073139754
1627064571
-1653427048
-1661506066
762318012
-956083289
316478941
894628626
1531895793
-705115493
1993675189
-2079661216
1809940662
-548743441
-481325107
1395686875
-273672935
-604458515
-1770229394
580460562
-615018037
17058746
240409608
1029286780
1719737382
-407994581
-94729323
1381596510
2045322517
687639077
1627189799
755466114
101546856
-1553141987
1333186446
-678815060
1529877859
207610385
-333120902
-1570794434
1690324851
-990891027
-1232242078
-287727067
-1544094480
1459866106
2068092112
1038142118
89638356
1021435731
-1759322742
-1711381840
-1372041157
-1600201160
-1948741104
1673413064
2022873502
2002958534
1096123424
-1292928321
-663405076
-1522105566
1698731361
431861001
-1165668599
-2055845859
-1703109243
-138932714
779082303
671555530
-1976099364
-490919007
-873979590
1168575481
-216662630
-1847707040
-1965121952
-1577510834
1701944685
-426208570
1455164416
128624805
1599143955
338933766
647008572
-1869819986
-1978370370
1428716926
1553397510
2076864350
-1574088273
1053467748
2090037221
1249498942
-1046855913
-1471010593
-1020724248
809727813
-183316300
-793524264
1586092028
1179488777
-1587244644
1179458689
5278096
-1142331041
-1583985857
-1753983132
47250830
-1360780456
-145199051
545565610
1527002239
-556836426
1444436705
-688756427
614406731
1740807569
-850928340
-963920707
-1033157488
-1099499266
1109528786
1688407044
-1186023162
-1714263616
1975963026
617038736
-157392408
-2052503040
481789905
1821108123
1854537873
-1639033595
-1107170768
241191615
2040950162
-1257286854
-1231720193
-1149801958
-203852364
418243842
-1555222134
-675553957
-1250174622
1309217522
937957403
-1228003547
-303368817
236831000
640696522
-494967465
-613867814
1712049114
-2055913154
797736192
1314357814
165056590
-1816158971
-1500303432
-1558655754
1944109506
-597092916
479625953
-14365630
145153706
-380884567
-468091376
32522359
1208327542
-1994971561
1547510915
603702118
942994736
-1720773612
956636592
1072774007
452147750
1207618449
-1939275721
693619199
1384499950
1077902827
-1951076217
-1760594434
-610929878
859812028
-479697414
1509386355
-32664781
472778517
-424343449
-2034528609
-1887159521
2141939896
1395986556
533541540
179509638
-1017518511
2000182601
-831938218
-1117892046
95410345
355107769
-254846651
1019715751
-468634318
-804502399
-1109779118
1618948590
87426355
-522412750
1353530391
-1693702461
1654632478
-568677001
-1323609195
-2114284086
2039574450
646238330
1219129680
2064804277
-1249614894
-1985223144
-2095481253
-460129616
-1685577774
-1872962593
1084406817
110999400
-77773719
-1524396781
940110333
446609663
-796720224
492176671
987293777
-1347403483
1471531394
780712580
-1410127764
-150792650
218428609
1051540833
-1816139482
-340762932
-200541878
431384118
-1897465031
277065057
352517262
209473137
1097372306
634407816
-1520439565
1884669736
-325518974
911569731
-969343185
1624622003
765633172
