1282770642
726456591
1195671932
6299279
-813531102
-1030098495
-727629340
-1521698973
289755517
-1130547818
-2049059042
-1924917591
-1524382238
841439829
766302467
2045360070
713057934
1827313549
-270341155
-665061280
-621052046
1740423052
-1958350107
-475962620
-1950932737
-1670737745
-604571900
1639741392
-1664106826
-1853083468
-778059536
1833816488
-1961506145
1117865850
-104863415
-865786692
-443225910
-1258568209
1771225116
-1166349016
1847082895
-340919423
-895320181
221276275
-1940831643
1684890582
1748364002
186460944
-980411866
509136542
-1006527360
1338086656
1006609615
-697164461
1948433059
-1459222236
1997826033
2086284107
-1572743718
-1543405123
-768750206
1140812395
1115019566
1809483749
1220067046
2103038175
-1471553857
-472982364
-1563819849
1866038131
-564441899
715728677
1026127868
868610214
-638370318
-2077402486
368337897
917847975
1885055795
-1727927237
935793851
1267558751
1809615265
856605534
-755550995
828191864
123432560
-1456290224
651974884
1204460762
2004302194
1640395431
147122474
452526015
1041432142
1835010142
1489431877
543294221
-996608713
-1050445906
-962173490
1708440599
1053721084
1209184438
1774403244
-1321921612
-1456108224
-1062494049
305669993
-1770448930
-839514428
622083460
1639520430
799607337
-243437249
1177612793
1019903647
-1631782689
-812377070
-1423675480
1593142756
1535797310
461985871
-2025356211
-965996400
1330845385
-481220909
1116966542
-1678624930
1822995242
693227988
1320854384
1127810552
1823679057
1558175581
-1800670116
-2085341927
1424399127
1902984881
1097879079
203860273
1707883858
1033692931
-1809083337
1175612769
2080250029
2123842937
-1855687621
-147059534
-1212574875
1141366585
341916309
-847012120
1137320205
-921601705
-1206016546
-1421259502
1777138123
684900125
-137242586
-552150411
-1995949645
-598326073
-2078186592
1294097083
-1428169431
463107632
2104776121
-124712419
-754474363
-1410185355
1706154061
-997873079
-850823176
-878123822
2946672
-1907230127
-263097823
-666626270
-1466310662
-2033981122
-1395348963
2109247407
1413542405
1951182544
-884158127
-281984139
-1444052972
-1364446681
1728834379
1447699765
-1335530992
1242849558
-848719273
726234950
1868292
841596555
1606794336
758106477
-953050032
-2009997948
-2124177655
1935393657
-1669223756
-1110662748
38965530
-320152197
860110906
1133158696
1893324412
1532524743
-1366856900
1994691493
-1263099774
1690031866
1863799811
366511214
1747708152
-2086336309
1834891962
1197797672
1744888640
-737980966
-1495339237
1281919453
1309184076
-2096141144
-662433521
255219646
257988482
-680094282
-687235963
1626969561
-376214332
352266274
-1325543544
-856362481
-2077995523
-37151313
-591758194
-380508964
-1330054203
622627984
898972762
333962862
-1954675943
1597126709
-1455181540
-1836723044
-808029018
-1116990183
-1688727272
273057917
-361263367
66019360
-967544278
9403471
366836959
-879096645
-1406678503
-123544500
-8971814
-1626487764
740004400
830698670
128598472
2061765246
-1022407528
-1183192048
-1421695265
-662792939
-2132409199
1033312091
-1489616032
1184424612
-70090272
1962462207
1097973680
-641612345
1194914633
942016000
923603197
107267663
1127256934
-1799547284
-286316777
-626602652
-848310120
-155907830
257486635
-345873421
-1101175005
-852024156
785838842
-1055959685
185126639
1932674455
272259796
-582393731
121398373
-293749056
-1787366748
1354013286
-1822110399
1344224828
79159349
156608083
-1494264454
178154376
-82292982
-286418000
126027625
927819804
447104785
-253963015
2147066658
-1468686040
181955846
-177871891
-763050609
-184856262
-1212937541
-77041926
-595398250
-1301882658
-1982665453
-1419948570
-165392897
895726294
-238265881
-1532545871
-1045214958
1164446715
1495269764
1779249361
-223992688
-2112668112
1567655684
-777312353
1402511954
1434784250
-1927871161
1460219096
-1101944528
1670263830
-1700062302
-371692096
-1965080323
111662461
-333939278
560127471
1812580156
-2046172490
-127569577
580113162
-865797458
-887741351
-1053750052
-737074239
360150389
1692351929
24678207
-1806608058
1227363978
-421465348
1306025983
979118968
467940800
-1699610708
-2086678092
1588555531
611917556
-1638904912
-1800396470
1757739455
641565563
-1072757120
-1109298978
-1487173775
-385567427
1579353661
1413828844
-1401484339
416028134
1973358870
-1359118139
-1215992844
-1792295484
1292285860
-2006234980
1070362139
-706819287
-785623052
1478997540
-1126575497
-1693489801
-866456359
-953399574
177121506
-1016962545
-1091257708
125787578
387877126
-1318686479
1204986865
2092130046
475856154
-1361317258
-116110117
-1520737688
-1207738079
-740931152
-1368747084
-1565808195
1366512649
835287135
-865531121
-2066608577
-1097418661
-154403212
589259186
1657760171
-945342905
1079196955
-373332567
-1807998354
1441246571
303198606
36198665
-596036641
-314277486
1914354283
1079819795
-381993176
1731413757
-1275182036
1888685248
891550936
1144658022
1693988974
113116885
-1612420352
1297015776
311697253
1341177092
1255369856
-225364488
-31055954
1112808180
-2105745651
2015292918
620452395
-1728895143
-1672046937
1310013616
1891255557
377667706
731415045
-797687596
-1597736441
1671174232
-1130117748
-1396252120
1520566267
1891728046
716931417
779677927
-1339509249
971310842
628890333
1910964032
1618594845
1215079201
1960478783
455351890
-33853666
-178460046
-987181325
2090972178
1425741193
829857380
-1738176741
751701814
-1392902734
1147070944
454551575
358857196
463238094
1423844992
646430365
-439604957
1208010810
848359144
1605036205
1481795725
-985452781
280898539
1948455471
-1405733004
-1724285677
1362287049
