1035405329
435768896
249200029
-2116374668
1185685384
514653209
-904891814
-1869322888
1564607292
-221271548
-1588834813
-1640259989
-915483475
-257792642
719004315
-740654806
653328266
-1211903353
-502148759
544208229
-1875648590
860340134
1442612124
717449444
-1368123657
1105859022
1938963516
-902909302
1683853668
945087687
738593439
1498359346
188084328
-248835042
485081554
164976605
-1907647983
-2097053906
-1546584131
-1017431196
-1818104052
1324874058
824102727
1013308835
550704918
-1658078349
-713946579
878396562
585522055
898409867
-1834403028
-1295300024
266986819
62820843
283730846
655933182
697078062
1789322600
-1650683420
-1564058569
-922451997
1953026754
-429065049
-1230387535
752162665
-201662487
-750031457
-732095015
599872633
1371527524
-1548235385
726918844
-1516207905
159325348
-1600090362
-1682773780
-594898421
-440505899
1384264928
-1674705622
-98204151
975082275
227031817
416226979
1240784843
658239614
619301829
-113314495
-1661689120
-350659967
1747063651
-445650339
-1319063142
307563393
-378728621
628430074
-1436194870
-1451657791
1218583774
-657719834
173570593
611025877
-529501353
-1051825952
-2092904426
-1563383932
1780756482
1650959315
-2138742906
2035518
2094189438
-1315667632
-2108317049
2003791508
551888195
-285104691
1760280963
1671077323
597508866
-2095547033
1271913712
1675160780
386535196
-1898507393
30938199
-729701025
-1226697803
1151854600
1336985316
-2061511087
1939385871
476873007
-84666699
2034165981
-1607547651
-448125255
1312544
-1011005349
1835466570
-1668299783
-327423910
765553104
860944826
-1030885594
-1650949174
-905533136
1352582949
-1348172036
-324690232
-1769000590
-1222950086
-671109565
1033483206
848173573
-1828539997
-1017083175
1130498967
1567284110
-824753507
-1741660350
-1873845251
1339942616
2092083173
1251060350
-714620769
-112427140
-128390565
-1450573319
-1412348300
1703630079
-428549835
-304820860
1199966269
569686602
2054045837
-845789938
1255869619
1737212024
-929245395
778576088
1956985784
-322995593
-1331729286
1239436356
-1702784157
1215625316
1921793
-440014281
-23772738
-1079285194
-2000064268
1530620560
-1409892083
310728470
-822378884
-1905708516
-1668938734
-759651947
450639042
-814180435
2136872791
-275458433
-1587263097
606500161
245777375
1455450355
276183151
428559256
-2110687997
1382999503
-264215236
-1018098579
-470606914
1561463082
1005247362
1994681824
-917083371
212293462
1768127818
-582534654
21945946
292568376
-805349942
-1694003059
-484347690
-1227880433
-2143226596
-1426727513
1849059773
170807470
658927998
-435642757
1259938797
-572498661
1460742482
-1022949129
-1178029770
-106359024
1067405976
1382074717
1540574280
-738596433
291678305
2124364105
-49284042
-1315031651
-961472565
-638578011
-1848396957
-553303363
1550225855
1038656479
371765535
1237754207
-2043777156
1514630420
-653332667
-2130623108
760103392
80150535
-1101648815
-370579583
-1532844969
1018842153
555278062
-501549858
814783225
24081576
1367206029
-1320111960
-121685815
664811661
-398706498
854371730
23329818
111918235
-808871203
703845411
2044986687
1490728890
937478650
-1187440648
1876616242
-2016843294
727863871
118704835
-359890624
1307069518
1592762375
514901439
388489086
1041129393
-170358524
-1266121652
-593519800
449178348
1658576274
2025737232
-1608135899
-1986436569
1482011845
-1360066869
1262750750
966120518
-1262584252
881760127
-108796262
1291391797
-1213627542
1445404181
-1425417876
-699423470
-2053300629
-1865210691
-970772427
912943098
-1704880352
-208543250
-863344710
-634426203
523596240
-1594484000
-1750715512
-1832523477
-1205957501
2125100504
-244514712
1885774682
114140951
-803779759
-837586578
902565507
1454700894
-1285784582
-519984893
1224054099
-1366359558
419792911
828358326
-1317203762
-266850599
1515987230
879855943
-2101413430
1517264350
-716836640
-1258987760
1510308827
-190496233
-1879799077
-1585547181
1720909596
530005774
-838205365
1462666790
1592742216
1222988692
1856279183
1171781014
-2067979071
-1422974559
-1743288220
1520929934
1790368237
-1607663355
-2022811100
98961832
1903720572
-691196345
1866452623
210548521
-1484152733
1068631674
284117361
1360703290
1031528007
-336893223
1866663898
-549252780
967206187
-1443891761
1509668869
-1607458609
651814704
1799518232
-1351890804
201496021
-22225376
-1152371156
-1540063604
-402498515
1961850502
-1942927876
-827224548
1818455985
-1061020934
-1221662208
-2035367993
872866426
891386225
-402867761
-2003718542
-1746020974
-732080229
423210932
-1486270644
-935547956
-1226266072
-1672352244
195538944
1254611080
-348488584
1568890525
963636142
1588071341
922235592
-1108096694
183740125
-2082495967
2033305070
1981481377
731987725
-2118394021
697991274
163261847
-911289072
1769746828
1093619596
-1884467539
763258008
1180026046
-1209506800
-998598642
1399356316
-1466167867
-18658121
956376078
1115419813
1628715010
-905910780
-2132826871
350625470
-1750045725
960294138
588371457
1608449068
-1846254921
1302018149
-351472590
-1757660292
-1900755241
-260999537
-1160274470
-342972295
-924573107
-1247952420
-1657075784
-321881019
191761648
-1011446673
-1993098402
-188299117
-207051134
137828185
1307753049
-379903956
815313618
-363708284
121051580
1028749685
1100568983
252130241
-816566031
-703319240
160938614
1518271307
1972737484
1346661585
1423532167
-16231303
1406732322
1159627596
565696042
1118059520
1434140052
-596530624
-1240273134
-1023656622
831270233
870668944
-1088087795
-1281616792
421454873
410582547
1024738307
1195767015
1465162923
247055215
1986310167
704538965
1133024099
