-1571313048
-1183996282
341585321
2106953754
1298491257
566147541
1597162634
-1375113930
1101718068
465350650
-844824217
-1311869261
-1115563675
-170266213
449988785
-42363297
1883866167
851741708
-570766950
4843605
1001956229
2122405674
1613034442
-1945534845
2139576187
-866761332
1726085070
-1025198277
1070113680
-164159324
-255468542
661931786
916350637
1984569490
-481674428
-1291001040
-62388077
366790100
1849894218
908807658
1235886383
1311449744
1014737970
-1751952550
1941960253
1580927809
-1111041530
1871910587
-836725505
112531984
-680413273
-1087948828
-397272522
628007655
-1567040293
-422002788
-130339205
750014594
-303734394
-713345181
-60668564
-977763364
75363869
1347288782
1651401720
2102888361
-1889250716
-359612368
1690991415
-230218257
-113557697
-57845241
-1702251915
1076977104
-2055784602
1242855454
-439280535
-1471393836
-884447838
1592416546
592563419
1856339868
1445923396
-582163853
1879933753
-1889968621
422507790
-4004193
1229557279
-865999116
22544987
254068361
1369477903
-716883873
543633511
1963032655
1902929308
-941157674
-1006851024
-909601948
-145083440
1007757820
-2101543767
1000379605
2018307549
-1755077218
-28144961
-340011241
-1337464511
1645303484
787398776
1667069597
-290526858
-73933926
361410856
8121193
341271933
-1142094207
908755214
-1701358813
350410883
1902084627
196092632
1958433763
1727717616
-255942058
-1608806371
-818482113
-1107434719
-1172094438
-1499246141
2134079120
-940752431
-1505323852
-837549948
-765080407
-483995199
-1471661976
-2049485008
-655801491
1451580902
1190898915
1236542356
1821480626
180996767
1689763369
-1101202744
43229370
-1917196284
-795818794
724890657
-2014253867
194202074
-508641921
-2109162929
-707152240
1574084309
1613485189
359342521
1702401833
82259877
-399416697
-1305141021
313150127
1424502598
938897759
-201758409
-1812171387
-1544552162
114571361
457949872
-777519085
-1649789163
-301742892
1420503058
1491507176
-1448878163
887172071
679346579
-2051082628
165534307
2145776835
256317526
-371553608
-1094910563
-1156619519
-123021170
-716204830
-1817654440
1324718450
493658500
1251309935
-1017730114
1436145716
-1973944887
-192020799
-1964663925
1139902759
-2122216247
559769154
-634091802
318431148
-1549575713
890530972
1555803094
-1791714502
1473089958
2035296447
584855741
-110411003
-374628720
-2019987480
1438771829
910471157
-759144268
791975989
-1610247831
453128962
1717347375
1236061594
-1010263481
-1008200792
170096081
-727622847
786541892
734770706
1834479427
-823911381
-1442209270
2084302037
351949397
1319230282
542582359
1681425434
1955577456
-1074829809
481453942
-2108610733
-1311435844
-2036567917
-2023874051
245212448
-1224700191
-2146576672
-540142123
259204568
2031387011
1469546845
-88730324
1509442796
234268699
1916093453
-1980333770
-1348495453
-2030792425
-1072284208
-1162499626
-1951118159
1919233538
1961332808
-490573923
1097234491
891519697
910660034
-2110216365
-594791445
-1715600565
-846518148
1420573949
1535427002
-2101750952
-1047402652
265663263
-1287352841
-943554861
1836963746
1755447584
777927494
625196036
-1877053826
1643615144
2136714100
-1667210510
1569118700
1131066303
-1858643575
990136975
-2051107043
-897679510
120762224
-1651795138
740709046
-79267611
87494198
-22581246
-1909716716
-1744864980
-1749328211
-747982382
-1793709913
268623176
1738701162
764724853
-1940592257
-1955196333
1826662431
-1605088575
525551605
-1994143969
-1413514743
-1157280017
961812031
1206541794
-1363210661
-1842644135
-1478370338
-1851443439
-1350454476
-1410278960
429133280
1856360890
1848323919
1013573895
1422852203
2124872448
-1522805584
1979840395
1300435679
230340694
142569846
283379159
-2070911883
-571539675
-903951174
527630655
1524377096
1929635071
-950401286
1531551850
365475273
914942298
-2027236920
-506568364
256008513
2019610410
-779694454
1568132289
-620357815
-1615956539
-1884653682
-1037403450
1539657376
1996902563
1436780469
59776782
440039145
-1542575676
-432533004
1227189074
1765303978
1654937254
-1500020198
-1614733120
465492296
-1271015267
742384451
-2080842626
1642863360
2127004420
452496558
1667154474
-500035094
9353059
-1958836018
258102192
-332438671
-458526774
1302865675
200218916
1270730128
-518368440
-1670201125
1130322984
-864669581
-1027664032
-988899981
144990478
-1635750392
-547439876
1788137428
1223514942
-140527469
-392005501
-597898461
362779633
-208686095
1964863338
-1307273963
702785284
-1736154020
-866704711
-260972361
280537975
249701304
-817680785
852567564
12413936
-1979541432
1632172721
-872001238
340274991
-1994606083
1907719059
1748128620
986079240
1198527250
-238531733
-639307429
233906669
572968123
-63189748
1240883723
1419252071
1356267557
2088919639
681814612
-1329755256
2124141460
-545011605
491813637
-1322335755
-1203758327
1118824232
-1733298389
2108618973
560345204
269304397
-1506299633
-1594737434
1602044173
-1248372334
2041783070
-1454817313
-518249644
-1444355336
1109309180
272394870
-1426945551
-679025836
-232772082
-1169700294
1717781419
-1672949737
732185566
551056388
-12339423
1835438515
1828103298
1526347338
667128752
-344876734
-1336187690
2096693263
1340698313
-1067414694
-1325424861
1213394464
717981352
-1364224567
-1740907280
-1525701700
-1548750182
-802011764
-511709849
-956613798
-1789021492
568671697
1283366698
-1661868499
1545784273
669405520
-287248709
-773932129
-582292050
787749688
-76015187
-644660824
797928892
-865710276
827265676
1336625109
2042246592
2038418599
465929017
1551584993
-1095295171
14327562
-1697419516
1239939434
-54840666
-283304520
