-1802234017
-106252965
565480370
1079738935
1452925822
-1381723127
-1479108586
-203281144
-1696290663
-1279576904
1185056651
1912607806
1338723342
1582525473
1703494221
-1418156587
1277796075
1713976976
-545533658
1142686930
-629387949
-928460999
166260526
-1631716602
1201543868
-448225044
-1320826550
1099094750
-398672957
1277620995
-1799194827
338792915
155239642
1395141408
444566011
354729673
-64892657
-655922205
479720182
134283258
2059264106
215753376
554210234
1591886574
-1328041653
-718416434
1221949552
1475807165
-849222087
-1010786489
-1685734419
1478375512
-1528762929
2119882639
-954784236
1515420660
-1895217616
-2137882284
-1470478238
695559618
2002043998
376239640
970650794
-1942074275
1545828305
-1109361849
-1025190149
1368918909
1786340530
1248342260
1994574796
-1403250877
1487212621
127892000
-2044610223
-183073649
-1274924111
994917211
1535711060
-1172503254
1377075044
1695495665
2093882726
1726226324
-240342050
2100342124
-580909005
1359202692
297492200
-1347636604
-627427983
343871111
-554294378
694010872
955208087
1058378765
-1803007311
1864459702
-721113542
-111000502
-542852782
67497915
-347916389
-10183021
-1709138936
2130885763
-1191001915
-1687232915
-984344744
-285691850
-1667421523
-1663556845
904845526
1064922505
528695992
1834271618
-96445271
-775526524
1395343487
804374795
1647176092
469435352
1074345798
-1364858490
-1374274012
906153215
-46046129
648240856
1668350192
-1076919912
67135368
445626190
1644714153
-1700818919
-1417227848
-338752304
570139491
-56212532
-1851413035
-644783794
-564577501
1172825318
429092479
-19023756
-1123863474
-605116325
-1496250115
-1541734139
-368853022
-860554812
1860023983
-2122410462
-945580023
1128054503
1340399273
2134043436
-369965475
2130818547
3068074
-2013409972
-170077914
480897180
1926616588
2104678208
-938405573
-2011869534
1563567772
-568155836
590566745
-1776261321
-140709638
-245458519
-437623281
-1387537406
1958352895
43742576
191851274
1350814246
-1554897962
1836511748
-804290021
-268188823
-685183723
1863920612
940938053
-717322475
995514649
-1313843666
1012595891
-2084336412
-252689445
1246939207
-789442734
358676226
-381840247
1607725026
552048900
1390455567
-1741296869
1816829235
-1287729640
-1604269787
1924547232
-1140428976
484600206
1343414405
-455307130
981534296
-593263152
2119950578
853753996
583089891
2030216565
-415903029
-431455002
-823151510
564388289
-894256330
-897969821
-1740705872
112472567
-1965854990
146607384
883537443
359075263
-1575052417
-1886891567
158704633
-456326717
511665891
2072441450
561535395
-1347789513
-54097701
708466070
1814061152
1900818215
124456951
-1184990527
817574014
1802819811
1619705973
1128090994
-868215971
-414111707
-1545963508
-1695317451
-431330267
-37163824
-2028999118
-1853449301
-485249666
-1073257789
-879200080
-1278653073
-1499960567
-36982955
350850132
-637566439
-1969885349
561034584
-705585357
1816763006
1684020649
432960795
1549667564
-1888965534
-2057201961
1179723218
2028956545
1207989417
-1273143701
-1082027269
1263203192
-1619888332
-2076890203
1598251916
688979094
-1081782038
1570989432
-1124889659
-830872036
-1250637825
-12035878
-247420778
825265527
2047454361
-1364439859
334668051
-890480468
1704770017
-593604688
-918819607
-101149841
1947558555
-2975675
399408234
1269940863
-888506179
-588669436
937586583
769994068
-37168422
-1622587585
-1581377262
2146837853
-1555575112
1589218377
-768433302
1899643954
-1367277064
-1104594240
-1851573610
912300493
-1362034028
-334517355
1864263826
1249770838
-1909188764
949044267
270037179
1367289144
1393825214
219792188
-740279856
-1293012870
649889156
-1045647412
1097298663
-171100940
459720589
-1785146883
-2015258063
993330131
-596324139
-223739980
-1142342837
392787832
-2092845355
731596203
2118445306
-1190860667
1922649521
1635247418
-375472536
792701100
1002474916
-323627638
-905039205
318163873
-1039174609
-642793482
-1271414618
1285197962
1379110523
418756215
1475144177
-795718523
1638762853
793319214
1147738722
542793111
-784043098
1334445874
916535140
-1147399277
-1611842263
-1820250236
-1390368485
90646495
1825025966
-1576041081
-1190627494
-595895706
-1864391404
1605852433
-813912618
-537854931
638748132
-303927886
823790175
-197170766
171697144
-1884567516
183079718
406214329
-551186479
-83760825
1308953028
1033011174
-838704847
420721923
1853251903
-886165487
374271688
-1291190480
971440955
-982383666
1566504686
-199805055
-1570772841
177335381
832835928
-1610839042
-436889236
407947360
1842054034
1432736899
-1975314872
244585570
-1537278487
-2036523719
1642224886
1144000395
2121331292
-1152815416
655179041
2070344711
-1345492771
192051123
-1450744335
593203374
278392850
1621340325
-918187417
2104102587
1535251907
1039320507
-2024588546
1624757896
-976723670
-388598513
-312384414
-1298977552
-872858253
-2086540663
1221293109
-801088279
2010044531
153805599
1391280640
976012741
1171027874
-1563181813
-1794193319
991662705
-1730050350
1407870200
1063628140
723795033
1604036549
572166055
2112737222
-1064655931
2074108765
423565197
1842932199
1178742720
-916389492
-1034576902
-193302923
-1438713545
-467803750
-1577292436
2097423604
-2009955420
107174145
255514642
1369285632
1640915571
286976888
-180106607
1177519127
680505849
1706131207
1170838489
1096419770
794804146
1645985085
-446344076
-909136798
1241541893
835133527
-1416491878
-626644550
438313931
838999848
-745206798
-1234560690
1248322974
-1966830989
732983475
948339844
-252525421
2007497158
561836894
-582827250
1993963021
1752817178
-2130132245
-1529092886
