-870450605
2133513606
217333971
1817946904
1557734367
1169065476
648950579
98997263
-1909197144
2048329295
-536084359
906385201
-1314125788
-498945963
-242464835
353642916
170554979
-11807901
178073841
-2055752321
1479000326
-129546585
-2124559479
1324606409
-334277645
603546268
1136869249
1752466643
879422709
1879644219
935049638
-899362607
-1718794598
-923991373
1707868572
1706650834
1153875486
1322150595
543494944
419548219
303392360
791452064
-1472063504
-127481881
-841802325
1079290772
1944361834
-1312190821
-2046615914
1625454066
2071397274
391609618
-1110088649
-578145670
-844548040
-1930954404
2052156283
-857627947
-248005822
-20255543
2016952678
962435948
481046484
424674494
34771382
-1989483681
681635027
930170325
1392596100
-1380764617
1281080290
-1771632488
835330476
1237447887
2140813478
-1107782246
-257769536
1389304476
-1664183964
1235208925
-1538003127
-471968864
-386390860
-2138281167
-1873234309
1252676960
-1422888733
482820838
-1245453045
1047122223
-1023085602
1269203059
-1116661672
1769410096
-556969628
-949733686
-254306722
-1050045418
-1232683934
225698075
2079373644
1105296664
1759205214
-1859508677
1929410147
-962127220
-360901642
1153539625
-1712380274
-942473419
-88893009
-1121362262
-1037185726
2086004420
-425526656
12790497
-1977305947
1015178738
-1801514942
-1917842114
-902584167
-1454161259
-750043710
810561095
1137556243
57116579
-295111967
1866842984
688400901
-459873285
301275581
1574449613
-2079843405
183017297
1790860267
-1949992442
1173608808
-1837663539
-1451618267
-1731560202
-1599313896
-350886444
356742843
-217458103
-1330050972
619607528
-1836982618
-356669776
1783521709
218599138
1842546747
97451719
538160391
2113648998
-1068259358
318937384
-1197993032
-809880081
1604443571
1014413752
-870367081
-954102153
854550108
-1162997267
-1817188784
-49079249
-2123250089
1892437121
1821305401
-1341413201
1755548768
676014682
-1345526704
1570563928
-1831028089
734244029
1989858720
302377119
1745853376
674282240
-368437460
1515241458
2112114670
-1307502196
-1269371246
497573283
-1117621218
-1577360752
-168300250
1702121600
1738002574
-503149034
-1665706800
206253331
-1392613712
115772481
-1131294165
-2019267232
1923762789
-919548235
-1416860039
-806218370
-1905061174
-1808842626
-1846923799
-271352118
-314838007
-743485769
-659503954
1894602673
622598556
-241202032
-1120646365
258334178
-1726606433
1378628795
1630781745
-1983917725
-303754626
1353005458
-675244075
-1759224362
1799640211
436055912
-127237573
-1413149625
-1556430104
-1314104581
-1525715550
-1115743998
89772386
1042362591
947206910
-1610749106
-97018451
1217927230
-1957191777
-119179958
-1724944497
-413127772
-454709080
-791859802
834318886
158046910
1068467412
-1133556794
1816034227
358629004
799133676
-931211150
260303665
-570644213
-1409828666
-264988970
-1574234920
1865178275
388264244
231302667
-851673346
235677857
899183169
1246477270
990302613
1505453276
-1132718296
53248110
111937013
-1082361374
-1813512890
1391601090
-535082955
-237798983
2132640644
-1950215281
742063606
1695213603
350986635
1435618577
-338018009
14299481
-1668514797
819375704
-1910359515
-1262644118
-495260028
1586322708
-673856470
-701553451
116673679
-2008328537
-770314046
-1123944923
208121831
1331977187
922880856
1518418274
131053542
-637189114
-904924328
-1075112843
1380307228
-873937822
-1755483173
569478534
263330661
-465811758
1985726056
-732063369
1984663673
1763251173
2075564272
-252384225
-190966428
1534064317
-1026174238
-1600755269
488069310
1707759013
1387682560
2108528166
-885149325
1881537065
502722001
981528813
-117967761
1657720638
-672431001
-617100111
1286843504
-865059962
-1665789674
-1759904334
1771982157
-95455420
-125644966
738975428
1472922445
1967820429
1585828553
-793471065
-1251181773
1016406006
1523900941
1123226380
-552228051
-249271371
-1128887095
1865885908
-729206545
-314375277
1459430685
-756388085
-892643764
1713812061
426247606
-771088364
-1289385861
1437568540
-223444002
-1146459139
1981046784
1224293696
-1427428292
897507
-1116183891
-1975894090
-274799558
-1672812771
473563610
-1719905982
1238228940
125376895
-328197000
1734850771
1224967572
-1368810149
-266937032
2094325392
658859255
1062935056
-1087175474
192451548
-1410334647
-1599827154
-2116261422
1461327926
900377470
1658613069
607217085
-690943561
1111049442
1101642860
960948183
1954241085
459593059
-194833124
-1986224081
-232695939
1711328332
2088701491
1657439944
-1402854873
-1403602683
-2060910334
788817118
742600553
2095572071
-1728302933
461512993
-1074200693
1601094215
660505563
446440604
-38498929
-1568574775
-1220295814
19651573
1986215546
-1478891059
982496977
1302536104
-1092230552
325726939
-1096682538
-1749217607
-342317434
1403388333
1338652402
1944372992
188127371
1428381997
-207206225
-564615673
-1104471569
788489585
-1332650109
-952481636
1324248347
-190616105
-1230701309
-1691538076
399622090
443160472
1447350116
691507877
833448577
1982347123
614185639
-1360954003
1931884590
668041232
945599610
1209149227
-1612303684
1835319246
1450616334
-1259881744
1769000177
720921555
-1795198976
-680411734
-1383113948
-444113953
-1713826199
-747138311
852796943
-2121526623
-457812038
-1519436840
-1919348744
1722177422
589685199
-1778468240
-664418898
-2105316529
-650327912
-1823574574
-1535453075
-1060246198
-1093167773
715680555
-823802646
733897807
-1342541238
759202644
-2144620413
1568461680
1222193004
1771298832
-724208373
-592932132
216431334
-1573206770
956533698
-1473309669
328296979
1860487189
-2034337625
1576582854
754407958
666582425
