-1057504855
1472563550
-1328687332
-1121092148
1960711260
-596111596
942193138
-1080453725
878037484
-1618593026
-603268516
25824093
-1141093813
79894590
-2044794218
161692508
550302511
1382777169
-644797971
769946169
776862462
-1422605054
-2021585263
-1663796100
747000768
-1806936033
-1790854625
-2137570544
1944183433
869269002
-1676946538
1761399366
75223559
-154144968
255456999
-2128662254
-712816722
-1503811184
718890738
-26324299
-626726054
-1399684724
1224790370
1295928122
332904329
1062055812
-451642098
-730538612
187726258
-1828954419
775187306
1155847952
-1222987755
94916788
1533089569
700580908
-1184843171
492959767
-452337458
-668894707
-1126446934
-1924007031
-2075681907
946253167
544348630
-1796206537
-1422065219
1633136122
1329725011
199738418
-1920819870
1331203833
333156785
2144051427
-499520533
472790200
-948374821
-1819406859
639327442
31185256
-18185391
-137287007
46171315
97441548
197095034
474541295
1998931165
1050454181
-195217926
-1994713227
866677374
329171279
-1386135345
1964326756
148808529
335247050
183389936
-120752620
-377531658
-2113696680
365763117
1694672740
-1630514730
1932032985
1775230053
24715696
813621992
8241167
587362152
1884613324
-2033150180
735100704
-2015933693
520916911
702777092
-786022362
-1429089268
1913878337
199767321
2023443376
-1059580380
-605633351
-328990766
-893547339
10959039
126818831
1974085867
1797401592
-1693722304
-716898405
-545435539
-239788267
-1690941
1298315985
-1347697248
374786148
-1440466077
1286840456
-708676467
611564757
-350670534
1833376798
1383068438
1245019145
1025252569
-839725606
2031308785
-873033966
-1285098506
510560206
-1690684156
-141433810
-586231364
894514997
1198879425
1744850692
963086660
947476101
-2064452170
1711864673
-1111338314
-943260689
1029083804
1805680322
1569041179
-487129812
545459073
-1167732902
-2118236787
246202374
1483732519
-1846918089
2049584421
-1168560059
1696013286
1495672066
1634381822
-1628025814
1394871814
176748515
-1899873190
1473121876
-796791649
-1841103235
643946610
-1242942735
-1905767280
-1120083574
-2093013466
-1306585971
-818525367
194769973
1803322704
401852280
-1146537902
1953706517
690808079
295714966
2025259554
1167347876
-5848757
-635851193
1605592058
1273227665
-221651044
-1727238371
-692672998
868441137
920735096
-1313746324
-809815785
-1931116697
629982835
168952456
-519242262
-839362976
522356638
-1763011179
-1490912345
185616454
-1301755261
-584961437
1432628847
-1805845009
657447388
1358574131
-457659112
-113752243
-732803020
258553200
944787692
-719019695
-107391377
143552150
1479206890
1301612955
1932673123
-1707667989
-1917430522
1032937307
-2044507442
-159930793
-1082604487
-839175614
-1860081349
-323714463
1739682403
1625262266
186948161
-21505122
908196725
-1912022828
1319529223
-476088260
1419690354
-1271391819
1134942560
873072586
-659708602
-2049977325
-1741757575
785915853
75442328
756138917
-1266039394
1447835623
-345924240
679367891
445937671
-1529720608
541340275
-171419208
1712622991
1189463423
-1861368611
-1604131720
1984237748
1968621128
-1581324673
68816022
1540400393
1804602497
703576110
1491183419
98006132
-1669968004
-543190141
-1958218948
-1840140720
176313095
-735444340
-1122994677
-1387390032
1527337044
1957420908
210714237
-2018917484
-55513840
1155651031
1884895803
2136724832
981100258
598338560
-207878941
-1798749868
-1710377670
-144142425
-697321509
739938217
-383558761
-1678897903
-892804499
473193507
1436883918
1689683122
-160345984
-1739298435
434446623
-1609965531
2120987253
717438857
55303554
-614425144
-339798132
1212503492
1821406783
-130151828
1471382271
1793196480
-1975846435
-1089600376
1812633599
1548465237
1298960375
-2130881152
-1204075462
502800138
-1234347586
1672678
-517524020
775919870
1869913773
243687887
-2044672441
1925534763
-1183074399
-556853712
-1188765713
-526946077
-1750830110
384870145
-20931446
-1817635633
962183715
114005633
-1728090988
-18432414
1727720664
-329810980
1320806149
-429568394
-300425638
892094435
-693904902
-1562734497
156062175
1518110088
-1013696411
1098372604
-1542272947
218297976
673844617
-302995870
1517758194
364084318
605475564
-1091224164
302031983
-1666444331
1419700374
-1252843585
1009211385
1602913458
-1396889401
375601720
1860112131
-748379202
410673090
-1496510902
-1524455315
-2137000026
-899480346
154588126
-516149422
2022547055
-1235258009
2089682483
279071847
-253356970
-389508329
436099982
-1210820053
-272102488
1810979703
1931449983
-2002336508
-1357292356
-233627750
1673342811
-947423327
-1300825631
-2144483548
1395319124
-602511603
1447107816
1537472361
-1976275484
-1071324969
984126113
-960859249
-851297188
217021286
719490458
1836771417
-190304372
206633619
-872112234
2126266834
632445188
-1532227261
-1248818245
-1024468026
-1933508699
1376632770
-2049099982
1822489276
1448034892
1334678342
1693723615
-348833325
830549613
-1220208638
-113021751
267292753
-426098680
-1363324005
-1883573668
364309921
-855632660
1511016271
877416278
-88521255
-1767983816
-787007728
1010126855
1385827395
1966730935
981946820
-1778912833
1955846298
-1328147012
2095171594
1395360311
786653160
207974385
1058491741
-486270707
-2092761663
-2144817958
-1011857464
1215418674
-1201574224
-970073775
-2065725075
1612702429
1800417995
644357737
-1171222131
1561241819
13969948
977123124
-281075284
-1924138280
2053727645
-1575421721
-665644297
1601126755
-1537257691
300246609
-297886376
528392676
572738280
1998737742
-1388461390
215369965
479285046
-1641645913
747880317
-1957209350
-1222022418
-536930590
