954180895
-2070417824
-1799745220
1724514097
-1140639342
-1284122628
384858853
-718227359
2063559322
-1475954487
1381076715
1947991795
-1850063230
882782341
1149530363
1604265524
34168487
1285895798
-497229457
622057263
1864069939
-401930641
1629876882
-1291553084
1190913865
141181257
1125536536
-1939150841
1636328697
1875145418
268706619
1450963005
-2071796010
1339682860
1826508364
-1108458204
-1243241418
-990195897
307642308
1128255293
-1939922227
759630085
-896534204
159389221
2101990638
1710483027
1023934273
1650000875
1989433764
-1356120565
1476426510
-266400331
-80040553
2060939424
1273695083
818749413
-728754890
2005662014
-1118964631
1483699427
2036354464
-1149684980
-145051231
1467786917
1980560809
1059811749
1516582674
1865780860
-260129251
-96213581
641717052
-2086395128
-143285776
463122889
1829970585
-1046749338
-1322293433
-407975530
-1223336368
-1401561735
-1587652285
759633220
-99891153
-123727334
893062869
1837523567
-2021352261
-444641858
-545701864
-1960840135
684523625
2059126588
616151977
-839167025
1958278495
-1728205081
967557604
1129307751
202050075
-1386685567
-150660543
2136084285
816010876
267191766
-1493961826
716836641
-833802875
726198762
645101869
-17506525
-179252393
-67675800
472996770
-1426324719
-962303629
820926151
-361829853
-611413095
1388088259
1047309385
857045889
2084920865
923955416
-1807853962
-395704225
-541875003
-175269018
-1491790780
1864262659
166153246
1860280788
-916203030
444118065
-423304463
-1097525587
254617268
-141436199
-1109736067
-1315246748
362201499
1449919711
353759679
224433213
1757709925
271450497
773859791
1365125868
1774387595
-108264040
710659343
-439091275
336323485
-618228946
300979737
591643034
982013058
2086581411
2100669042
1718238929
1324473909
-1142532251
-1966444895
-1276986373
-415789563
-2062172473
272611451
1463837614
732170216
-1822016115
-999072196
-1462994772
-237984620
1580942352
-948010274
1469133494
455714039
237215256
1036522298
-355182650
-1942941821
491645349
1190458978
1796858766
-1181853264
14461267
-1139151760
844563696
-1290862839
-805719841
-1041804478
1179633552
-764160490
1335901192
-1356967830
-704538795
-1057154781
-761578726
318139228
-1571582851
-1806453846
-48276037
-1855902783
-1764138609
-736042315
361206626
-2056270563
-156669832
1722444290
1075974690
1912855693
689173466
-1127447841
-2123544795
1945281282
1170799903
-14029618
-1411193058
1655204511
-652524843
-630525333
-876125592
-524472478
-934176523
161133842
-931355527
1269413292
-1745345603
-1934764998
-558841771
-464445413
-163603407
2090810209
1532496935
1687883667
-870224967
-178379138
1591734414
1124276902
-1408438663
-436503409
1705993053
908669632
2020262841
-69616028
-170418190
-1092824957
-876936078
724328195
1221004000
-282239657
-2029351284
474992
970893274
385796332
1244767400
-121690952
1288402920
1564678334
-999203650
56711208
-824116937
-1720618671
-1131293791
-1600222809
-1221980049
-1154191561
-1718591654
-1959232329
-1615269783
-530936413
-2036056502
-1169340406
-705655448
-1198337724
1287630237
1537285406
954819904
662897231
-157662028
-374113918
-52008387
770140158
726197235
949609693
-1404053645
784744707
1648685369
-1767651290
-935991594
574922397
1825276657
-846653847
638348993
-520736009
929249815
1486401824
-825618902
96220245
-866494803
942545618
892321184
539586675
-1856201413
-1317724344
-706713545
581885923
-735130664
1555419073
-230366173
-1280652749
-1545865842
1375081615
-1071143160
-1462666214
1464103922
1946110145
252895009
-1050292411
-823383263
1389683554
-1488833903
1920379441
986475345
716572754
-1074964721
-391708734
1710160876
843172855
-953543359
-168340247
1110724280
1927498796
-710668114
-1194773873
-692753817
-1187215249
772615690
1117931008
1038509452
1158566181
560125062
-94745677
1018699061
201636489
-1789654387
1409568592
111456673
-784197633
324590312
188535308
1709018937
563453620
1120332465
-374318055
528975743
-190697272
1931145773
-159317849
-442620806
-205568213
-1691116952
-462742338
1379453621
-972735139
-794826199
189784904
-236789048
1748206945
-1811541522
-1439478374
-285198383
1997150871
1190030847
1784842472
1334286855
106976765
-1190941506
-524105781
-1981507015
-1975019112
-757703957
-997239835
-1892105932
-875401744
-297454135
-1565221793
-2000612020
471681275
35781155
-1330320685
1797602257
-1737021545
594316674
320354223
-1480999217
-2110687617
1999434965
-1660386308
-331662522
-624463844
1042122289
-1579760208
-631000835
237693318
-642648211
72955984
-2014005834
1183870660
984844068
189358354
899489858
-1263890632
-1986578953
-400100754
102010845
671150342
-1191816660
2006822571
-902511017
670135303
-491442439
-1208671262
1862697672
-1827683978
629697348
-536546662
-841998470
-216153982
-918139870
-950859845
-1250647909
-1149624739
1933488596
-617424509
884074695
-1442555657
-283717837
1132437281
584614983
373207097
-752117644
2035527263
181844722
-188973568
-1909470828
-534460748
-812149508
-22592669
-956564602
644132221
-2111623889
1103258526
1406050376
-275907410
1759574802
-167196523
950105935
1728622390
-869132591
-1296691492
1076605344
-1221830371
1665569771
150481215
-1100153015
-1177744928
938714484
646399062
-1469655380
2143818471
-1609715203
792596682
-355395942
294932349
-1645097604
1751809632
-782140642
355167337
742815808
1667976780
-622826154
1220201374
1147238329
685987689
-1216200528
1871327239
891730791
-1585037455
167379062
522855557
-256073370
-32817798
-639034546
194902911
451439177
-1678549046
-1154457642
1063761499
182390750
488308922
1503951093
