2104073115
-2076154495
-1831195216
1915744454
-1027976692
-1297255534
-721052889
1208946371
42221719
1983148878
-226579216
-842267672
-722195010
-1489616021
-1352127303
-2106568552
-1372149503
-780157781
-1400900457
-557175788
1079389420
-2071133820
1356713529
-1840000940
932284573
100995224
1659139384
-1745498961
-586390209
868699074
137187920
-1062687135
-2068075561
550180801
-1767004188
-1728487288
-932060298
532780343
-2036333234
-1067092923
920045489
18835902
604247791
-1475004389
-1218582707
1271560100
-22452451
-1030485588
-1494336198
-930687999
-1238612175
-1296265744
910215499
152618693
1505674426
-1085307792
2016385791
916264779
-477255905
274459324
-410508710
-996064965
1975846611
368509439
-192087243
404449945
1233812252
-2133241099
1126394796
937218388
-1805524488
-701727057
-1492324969
1395856736
27472532
-1098253806
1722328220
1954145656
-1507564135
-1157042922
1109152866
216696173
-1337090623
357958489
611481509
-1043480394
570277030
-967081845
-1249055427
273326408
-979145207
-824314223
1363014058
1700752648
1306319917
-768305830
-794042683
107353274
-845033440
1414041945
-1357493471
514601270
485498063
41831881
1063480082
-1900079730
-1539292526
1715025045
910635102
-788995976
-588030633
1109864368
-1073212558
378571435
2107003368
-2079762531
-1992215509
-634144458
-865272664
-215241196
910416788
-50381560
1668146156
116776956
-1700209426
2119294257
826584224
-142573946
-516700991
-481995128
1876128552
-1295073054
-1597512482
-322775596
-1653067858
1226629683
-499963120
-1492245210
-59182596
173210290
1771351348
-569192036
-388844601
796564524
-10979171
-1301181858
1481205701
191558559
-976319994
-94849369
671291236
-1970314485
2061012800
-1199654757
-17463346
-1381569075
-63188799
874439149
-1237317537
-1685033100
-1415078082
-1488374642
1988609960
26808452
-1240356806
1059811578
457955329
-1203343838
-1209361824
-280610667
-1119648226
-1897053428
-1240979596
159849108
-1078914116
-326425916
-1546556314
-1115258078
1018243980
-1473371849
477094360
-735586198
-452014299
351181811
106654370
1568549215
-581080985
-506541540
1049781073
-3993157
2064834918
-1311877566
438058131
52576257
2038477429
1540041905
-1563710513
1803383110
-674372889
-2017993366
884446809
-1329818980
6601684
29877361
-128580769
-1604961193
-2113481013
-1008292542
1098588706
671006687
1786421262
-236186611
1853504211
-808317431
1187830427
969258278
1250948863
1962460869
1798318534
-571585710
505591345
986885895
482640002
-586033910
2071858340
-463458203
884676182
-791478448
1825725218
-324628813
501467590
-676919974
-1861468945
1160891866
1549723622
2068925716
-193767682
2059795808
967480495
88185155
-793762267
-1198523323
-346605237
62830324
1647857524
321261179
-1510670626
20445212
-1376082860
-951435579
-1949299024
-1682590273
862105859
-1647683217
726448544
155041755
1969560436
1632825227
-1764036072
-1830866338
-1160934448
-442493453
694899199
29058207
1440531243
-322209966
-2109364143
1083083706
978730093
1391247676
977048694
1663621712
-648452254
-1988264448
-1010472227
-414754330
1604123989
1750341118
1397491160
-1007940774
583695869
-104847282
1494590137
-1726179196
-252358237
483787653
-1715394931
246590575
-1866636572
-1470911417
-179604539
993302532
1806526559
402349259
1781997134
1886424343
1867580576
1161345722
-137392133
2129458039
-1726301025
-504025483
-2015489559
-758985109
-996128739
-1967973444
-1707559972
-1236115865
-1369275015
924008089
1391713845
-1515834264
2115037848
-516221550
2095202465
-1294311551
-694958637
-230284564
555696316
-685993626
-2107271677
-1583335295
-709167925
-944524569
-557247989
-1614105734
394092735
-1976105176
-1559559887
-1609991488
4790176
1182124985
1495090794
-1051013788
604699046
854131773
606609203
482157940
768538921
-255752923
988929246
1349474017
1605172908
837727186
1091892751
1612138164
-712195002
-57170917
633033154
629353783
2082989523
-52780273
-552129654
582723667
1396870073
258592521
530466524
1386344949
-881490557
-1876454098
-730197119
-1457490224
-90564400
-1282987024
1274274378
-102388415
-278920783
-1288285037
2143529037
-553525685
-346561927
1910623343
-198566191
-377333933
1648529325
-500631696
1077693416
1356579352
-435116463
290721487
-514782706
-555163732
-217990949
-1287776456
1327123700
1041504392
-1160314342
-244104447
491311665
-1937782667
-1409329272
-2021261294
-488684712
316142589
-1525728200
-1014855240
1520361393
1818316327
1359490609
481460635
-1287378536
289154506
-976067276
1384400768
545621703
-1352612039
335138934
1433949044
2045222905
1217753329
1707788052
1552718435
-121049343
920566349
-452929099
-1299359878
-1167021444
1725871679
-710374752
1357736475
-1723543118
1011136535
1544595998
1173212819
1255380768
-225909493
-1825166281
1432042918
231811071
-126590228
-705627770
311129017
-1894185950
146487355
133694058
154226999
-611964817
1746887915
-2048313583
-1864763532
-87052509
386940059
1931574802
-1110748023
228284786
454814286
1269091503
1396980608
-751986643
-281799694
1749972612
1572330677
1883000664
-409553640
1936109850
-1080742608
773394899
-362445564
971120395
372870336
-738191971
370851649
71552463
-63676930
1578676106
-918435769
649046153
444818583
-155884179
-742660662
950596484
-1460587136
-1492055967
1241422786
2035012084
568786495
1873931700
-1408799259
-437047309
1982755893
584967874
-697108136
-92277254
-1725145287
2116319044
-1186198068
211867453
-984063777
1384451753
-482834892
-1007060261
9139419
761899262
868934261
275672656
1753217051
-1249753774
1289288272
2088252303
893581608
2092938001
