394093876
-1794393117
1274690156
-1969841886
-887184450
75299605
-248318978
307055836
-217960653
-2007434634
-719988753
-1706177632
-181114577
867605739
-1539766071
-2091988149
-1456210634
-1296741295
-1020332752
1921924405
592914160
1202111385
-1977335268
1487950039
-1305216270
-1088413735
1658407324
-785977683
668651030
-170803851
-1081900883
264391931
-1715293993
877453004
-557593775
-1251602282
974648689
-953359173
731556197
967269049
-774345558
-1886634650
789885248
1235955977
-318859634
598237506
-605295094
-1788223786
1202054650
381491996
1485450206
-1946625744
-802906247
-1188922390
-411052627
1486003600
-1908263171
-956336831
1704008080
-1683848720
142966407
-414202483
-416937905
1686126198
-2126481817
1134374667
-2110044164
-2048443313
-570380247
-1322376034
1411290122
-1136464231
29015153
-1196429888
-1874367836
2037838731
-1744154265
138525028
-1760499502
-1988927433
-2055955877
-681714341
1508520045
-1109083027
579158719
1125145447
-1985201072
-1647650253
-2114958572
1476966598
-307368593
848639333
1066377823
213197682
1980288065
753818265
1362862940
-2008957961
-857854551
-1984303720
-150283250
-1505005099
-1296159628
-985155309
-1042457292
1803200756
895368755
2147083964
1536036715
842690595
-1395945826
916390974
-1741748550
1061949089
-682204539
-1919475948
1436985230
307546241
-307143988
-1202409636
647693819
-558617135
-201212605
-1600195329
-1955521434
361127137
-1644827444
-1525940273
1962963941
1882429012
2082241176
142332415
628533087
-1216786483
-501033947
59321582
-1975584394
1688261683
-2136306176
162027554
-1146711618
844571383
-842521380
-1128400618
-1570832594
-1492236342
-1182090513
1713766842
395979702
-976496322
2012747366
19836839
-1459375209
430022043
1682851695
274645069
634153290
-1063164979
-1086326532
-2056088736
-636606260
-461694798
1582587304
-1855584062
72764738
184576995
126756549
-1110819773
-1509763556
-1100211122
1685096803
-712204137
-1340710485
-1018285392
216678063
56917458
1989997774
2139747935
2036718189
-2047349523
214617995
205828950
960173099
-211210326
-2074886820
-1475605450
425360864
-842158235
-1429942668
-867301606
-1381219100
-197609669
1046065847
221438017
-1370948818
184398838
-684395745
1613149231
-1749763437
12360043
1564398673
1320998294
275456432
-1606504529
-524347857
-138112518
-1867296428
1878864880
-1171911657
-2142968195
1785895099
-917417328
1839955467
-417213403
-12910217
1778716234
1620128851
-513454642
735629773
-800382536
411619710
1297391272
934331634
1982478958
1224714927
-4053003
-1689816317
-808166847
432632242
-93562339
-446926182
-387566215
758621462
-979191547
4746722
-628302455
93894864
-1854384934
371392495
1545941890
-1711374011
-1781473146
3839080
-1103123630
1985166246
1052108079
-13252174
-843902663
-936458008
15740485
-51938933
1927880829
-1192095941
-151420852
-234307260
-994736318
939640190
-904009926
-1938549304
-840866111
-219924947
-80546377
2125042393
1031424329
-1571264906
1762898620
-880353417
-2133273557
-1995031849
-922463733
390771811
-1970847183
92482641
-276532769
2006380088
-1233230742
-1738946641
873912051
1320297117
-307965183
-1918731410
-964527399
-869442255
262355617
-82186288
1482004826
-1434435537
1056864048
1367016023
-1191972530
-1847991911
-1838926520
-211373360
360399678
1903191694
-1641066118
1942749689
1716844744
1300502880
-636447766
-1977798764
-1172037462
-234794437
755432309
-1261951026
1198373830
-861012987
838710100
-339415939
829958918
1541955206
59914399
-1328402089
1527406565
-966228824
690332240
1480188657
796710263
387821849
-846825017
1251116292
-529726030
-96604444
2002117888
-34358016
-357667569
1189130973
849468295
-2111706554
-123506227
733554164
-836696590
-1000941906
-240452550
-681414842
-559625840
-1972003896
1231644448
-293465892
-141875074
1796300367
1096400208
194361383
-397541837
-29593754
685181708
1591478994
304265581
-155802620
518328119
1503842477
1148761406
1812663340
1688818682
-1289025762
1438891663
-1882751484
-1195560502
-1634960701
-101930295
-614190764
-711774522
2109980326
1078574103
-1606891299
1339877713
311293784
-1707915398
-1128502395
-1093424377
452423350
1156847861
-1204823112
14665856
-1792889633
-958974929
-1674672496
590644243
1499648312
-1044689738
1641808351
945177310
-1814363563
-1506456948
1858733121
-258991794
-1002692281
927948001
2057345124
972168951
1955531952
1514791562
-90140121
265811670
1136136061
-1865220157
-1264338946
1243055898
1623176865
2108554311
-766026253
805483520
-2144938509
-436446745
-464949376
-546555564
595228429
827221508
-297667299
322262250
-82348613
1830510743
-641802993
-1846424546
-1054445258
660792112
492943581
1787603836
125182523
76139061
-1879093685
481860999
-1298089861
-1074022290
-386509862
-171637298
1173848672
-758241802
859264791
269027032
289081725
201271632
-678908309
2029797960
-1312337483
-1177066828
1274144500
-1549581324
764840319
1237024923
1382987837
568065632
-1215630385
-1673856212
-1154025145
-1657473251
-171642848
1474380430
-2065055259
-1931012395
-112232806
439663986
-951678949
879782596
256208069
-1942817542
553316073
1677391037
-465549116
585037358
1723992621
1151251501
-1218367325
400869491
1234438561
-1487805959
1171358444
517960647
1017840223
-650774326
-1191839531
-1001270778
305453763
1631315067
-1991974891
-2009591773
-1348723349
254631236
771336062
382060978
-1338852412
726821102
1132737462
-659283524
-522088668
-1152420585
-911066372
1800829299
-683537851
494785475
819220430
1628881193
-709023408
764570370
-1199990609
1637766671
193120542
717909799
947852946
-1296140908
637663574
