-309911608
1775676039
-2097035044
727146514
-107961178
-636460648
1606352649
-525311818
-1523310479
-1717753945
-507713371
925618734
-1441281263
-352473988
1081375386
-383291510
-378770395
624192280
-1542208366
-121227619
-1292885871
1009713772
1333988120
-1914108031
1284763215
-35612784
-1232451098
1798601217
494780955
1783864915
-730336382
-55162318
-76223623
1050972057
-1776684089
-71169200
-1908775918
-110780272
1181083079
471574183
-2018867557
561133133
1209631344
-315639703
-1082177330
1924571136
1606820598
1714578977
794940712
764605311
-416459140
290920393
9925899
562123661
913737892
-749702261
182976025
-2133864191
818253008
-1198490008
-1075739068
996200224
874670342
1150450208
99879608
1635551023
763057163
-1741225769
2042110603
-1595707419
1812851939
-683493589
1245397218
1522022862
-380628068
-1947447905
677171680
928559277
-319951480
872302309
1022051503
127689419
298842427
2026846944
1353323630
701570155
-1030244200
-1676107401
-2050536380
1538603580
-1458481227
1321055537
-545726970
284790715
-1328704305
-242509674
-1842980635
-119212007
-983143946
386313201
826050545
1751568357
1838145368
-1316536942
-206958083
-457616395
1818330443
2015036259
2000925671
749722361
1035142446
331915642
-947548622
-1359162879
340365682
-1444257521
-1333122557
1699805273
-1548068947
-1972302399
-1827175637
2061450676
1883416404
-1440254222
-993557244
-13538926
-250822718
412399131
1972500720
460025870
-379999167
1808072623
56363393
-1198129697
1862463045
-360133740
1433981047
-519205008
1971176616
-1067761682
-1398508499
762110200
910445914
313869156
2021245450
-1756529784
-519192006
369844097
1872176219
549990682
438612536
221468920
-1559354026
-1767296378
1519401652
2146981488
-1051285202
-1966335139
-2127648905
-1386961039
-102504026
-1482612071
1652223727
-960435350
-709597627
2009735613
879726590
-1688043622
2135593247
-1400670369
-1300980232
-1873008805
-256193504
1094721729
-426776095
986527447
-553351058
-2089341215
-1791817352
52506924
2137701687
26861663
-1865131443
1139834773
-1324277431
1043470361
1446340032
229371969
-302975028
1780925327
-523259245
-1786951656
1962944994
-1396045298
-823585336
-389791497
1955674606
-1251574726
1557667316
756334212
1585053269
-1099579368
-1484995797
1342031285
-1626838006
51365372
-398048363
1623948667
235872275
-574645126
905775324
1954562333
-1148087467
556209454
-605393823
1172067418
-1904806752
-1578772050
2088185609
-1235987035
1695527259
-1296855147
-677284428
-729830811
-718542933
365828734
-205754530
1264766847
2074039096
-848459203
796162157
-1009992432
1538582564
1586592871
-1439524322
1556896377
-940706597
-1928459171
-1319990392
-581614560
-1097762020
525492151
1625296214
-1156128859
464808582
1781126781
974933871
-1349031338
85620061
-345237344
-753994028
-1061700137
41029996
-1468929663
975320481
-1726399986
1404974873
-729350662
1229531436
-641284919
-1184882582
792857501
-1312388287
-107458712
-1587387260
335081378
1513326505
1154171167
641481856
1861495600
-1111933410
2038363919
-572734980
1721541046
1681750651
-1641787170
-921656544
909652426
-1095821024
1492954200
1420911773
347072197
-1043714372
680670227
-1054199211
1687631307
-604400442
-1199884566
-1236279271
920174343
384237545
-1749181976
-1975378559
1007862947
-46693227
992628800
959851214
-2081542398
-1494791752
-1137420552
-720660351
467917523
-1281054567
1635551589
1730258219
941472942
-468295740
-27679012
529585399
-1090850991
1531487905
-2054352942
1775710820
84399046
487149590
2057426041
-1941530030
1126273161
1798658273
-917826226
-1547050048
-424393429
665551805
-985501313
-1419767127
1501343988
-390469039
-999379064
1434364023
-534401644
67095609
-1295808637
634118776
-765606734
-246526518
787523304
1962739209
-755181839
-2059655847
1744950617
2091319609
135086653
-133365658
-868662265
604608221
-484661749
1718417696
-1404582795
-1836465148
-658970095
1104415283
1958381290
-811375213
-1212397331
-15768162
237323680
721146360
1859595593
922699210
1287331023
-497973900
2121425478
-1113915785
-587515323
1108750839
769987104
-99781806
-1707453379
-259996052
-736501117
278890912
-380756138
-2043069973
-15167246
-1563341703
-869901841
1679759253
316218142
1977485436
1570622488
-1129468966
1501276911
1412954915
-730726775
-982288078
-1796254926
299047031
865724168
1278646602
-1635375866
498162817
-1906197710
1559302762
-266611725
1424944469
-1989188589
190167320
-2051862505
1678213782
-1481181447
-326020757
2144337352
1523569768
-517263729
-1677089078
910304509
97118511
-1032271501
-1592768530
1724071275
-1053809161
215027128
581561
1379164874
-471935927
601726648
1587709672
-294193820
1921754750
1209541751
-25843465
793752669
-413158411
1562058924
-1703238898
-746358202
1758148892
-788520373
-394014236
-1798053548
-168203358
1274536759
122031576
-31615139
1733399026
-1623128106
-60683841
-2057495514
-1638468514
-389161945
-454658662
901994397
630334441
-957321399
1925206324
2089091913
-304063828
-271417375
144383821
-316512889
-811795629
1718255768
101743623
-1027129532
-1101079110
1209096722
922259363
1897380612
779151029
1320899272
-566208721
1020837387
718210383
-1529670997
-577794024
-1980741710
686167695
-1524266554
449488746
-2089595685
-548314351
1064356858
-1522687369
531030525
-1955031084
-595757212
700629849
84082398
-2041598211
230794811
-1399142596
1464976737
130537657
141271492
2104487519
1758301424
-866396086
-1170938790
-1687390750
-379262303
361036480
886498084
-951060045
1186346035
-353129247
-1752274174
-1729321434
-1986096464
-1396826495
-749042274
-270688032
