-864285144
1185887657
-466701542
1514814720
236487458
-1748284546
-2067262251
-481501203
69110089
-401489857
-2082593085
1587392054
201457310
-1429529576
636573721
-762317226
1384874317
1952215989
588125799
-698180405
123873321
105015792
495630431
-970494493
534147991
1442828188
-183082006
-1836051951
1530276507
800675998
409859196
-662736532
-596736613
-1710990780
-1012485250
1994422250
-465724129
-1182161938
211999125
-1319843489
53378305
12993365
-113108128
-1957461678
-506924513
144963421
332043877
1696559478
-479686314
1328244172
-228611174
1703746712
-1186945492
1286113682
913876359
630938210
-1439569712
1006527159
1278823003
1365445288
877551965
-319110485
1917450666
630406905
-1908570954
645643574
-2045645592
-501270600
-1937129711
-576116764
-1257744512
226322364
-939511387
-1112874764
-1447044392
1347358724
-243179562
-590743443
882136830
394532512
-2034010109
-1150245715
2122074646
-850090283
-1132780607
1646738384
946950277
-1475853944
1818805347
1722190243
1547423786
2075185931
-549389532
-1299686471
-884466482
571512353
-1189255177
1594905834
-1942172978
-1884477130
1667507363
1365965321
857325794
-224570306
1995445155
-1193333281
2067399913
-1808164729
455111857
1350609119
1189413383
-1017309048
-1651145549
1815013792
1115897655
1562207116
117613585
474812152
-746915834
1137322908
-1895181990
364452394
396973336
-1500263914
825720768
1806484475
-964043511
-1820285693
-1687977323
-515755390
84953366
1703372911
-1094057598
1548185892
-34846347
-313905590
-1570454852
-746697073
-284156674
-259852350
-214164913
679627514
-1401421816
55413786
-1823650667
386731237
-1621523827
1370209298
1431055683
1281504753
213004494
-1288645476
1394442643
745915904
-1826758406
-2005965525
28197166
1180993447
-766158796
123671849
504695796
1057089018
-659782117
-136408477
1963911612
-116450597
656580980
516868894
-1135207073
1709778634
269332110
-1806739518
1438453750
1243888530
-1444251794
147149786
1655266679
145578299
1818312786
1652275269
-681765119
-1123879010
-1831493968
-612452281
944533808
-1448745246
45759256
-610035095
380253389
-1894904471
-1480010556
343173757
637085647
-1591819338
-1802072656
-2105490298
1089331732
2096067970
2074791106
-1423852659
1839211614
58832914
1658266433
-1839338338
1365000892
-984100900
-929052219
-1913027901
-535988338
-403675826
78680779
94790256
-439358135
2109835986
725655385
-662088325
-1208685878
668027822
-1033819818
598683907
683549208
-878153718
-971397427
660421615
474159727
1540362303
1439559241
1839982367
369841610
1583384525
-873529183
1401766687
632212398
1953111405
-636104221
9027540
82865643
1691990790
-1138548914
-1239717455
665505924
1360962301
460393456
-1562419997
-1775077720
412447874
-964932502
-1626623860
1240765090
1201599630
-89205811
1386460453
109619708
-189922629
1559245815
-1994578629
-505345035
2035149132
1408570811
-1462574034
1793336867
-1556090574
18652233
-1250351923
-190909009
-528119281
-2114556112
-1741685996
177545562
1964365032
-1184206073
-1478971030
-1612641655
-1919204694
1761652516
1774030103
-1626446667
1140949193
1343388150
-863612966
-206853905
-1867024561
1525422642
1517837762
-1356636398
334241690
-883116067
292494510
-1537528319
1228169613
-529823223
864946393
1701329256
-790033447
-1660406691
-621005282
-1282388251
398899554
-1197747241
1764593445
261656356
1232568438
996884884
-139494451
-600672026
-1342364451
-1081215253
-1338308187
1623876861
-198811503
-212521176
-722693769
913100335
-400940593
-1110149975
95314504
1928403959
1735163358
-916970610
926393647
-706791636
1686946554
1696062131
-730706150
-1053411764
1766357997
-1312140777
-948994230
286062189
-45503689
1545225930
876775467
2110427209
426570300
309624686
-546371950
-63290584
1789769367
464260439
1423886278
-806080361
-1049065924
8050136
-1120331397
-246385038
1577619219
-12836045
634086265
396586394
-1496591164
-438282063
-209017265
-985176293
1612269955
-1793158435
-144066001
311179827
1187486485
812851503
-1157333851
-1375843705
-1123828310
242672135
-1553719019
-1915887221
1891885962
548037017
-1221118988
-1026638886
-49668342
-1254866501
-1227113821
-1183636394
65632100
1416919297
1501871487
-279427530
-2103315608
-1462295203
1391769767
322816628
1326218621
848757365
1727005475
-671622187
681223891
530503055
-993225644
1984798274
1261614086
-1382265883
700223862
-1273116270
-2022505375
-584307578
1835553575
54975161
-1126639030
474837107
-1765890140
308484736
-1623536438
512649057
-1189548490
-1219195
106215330
-65047595
1909643739
2070430244
913236042
-1262907147
-1038310343
-1883625802
-904953965
720668231
-1105091318
-865136937
-1870153711
1353776757
-751572009
1802766238
-257031941
562191397
-1063756086
1260151662
1587050968
-1678498370
582753426
192613040
1382430933
1250108232
-2130241650
-1898431422
-1993488139
-495255175
1219296760
437624264
-1892030982
-445704232
201944829
1134350893
-1937281717
-1720778140
1808962732
2137417480
-2035055078
1978079149
-1232247733
-827900152
999877932
2111097855
-440027881
-1986398302
1401200018
-1055492317
-1110700209
-1114408489
-1004920196
-1243739895
-1182486641
2141241552
-2093938620
-685644946
-39182986
2043955449
1419023107
-850568261
-974192544
1717453090
199414447
1533440022
-1849624347
-509066642
872249731
1543665163
-924935062
-2079766525
-309073206
-1349653963
-1693512379
1923135624
-698144408
-2082553706
-1961765269
1981551969
1047132964
-1350829304
-1220545779
356348648
-446905976
1443264999
145003253
-110200735
707433447
583018590
-563868925
911012748
-1223862837
1489226599
-1565422482
1840239193
