1385501903
393807759
-70672758
294648192
-320670131
-1057085490
-1128639600
2070726164
-306324199
1442869520
1362804569
-176886966
8762001
1344027495
572182998
-1364384242
-1690491682
1156151116
2045492308
-443914907
-1591361529
1293404646
1510858456
1920392875
-344558487
2141341146
-781902926
1791786875
-523837281
-57111614
-257205645
-812094242
-200587002
-666306812
-26046664
-661409200
80604736
-2006548397
-1461406118
1980977576
-360712147
234848018
-1648967103
1747216290
1264700952
-1539208856
1834943814
-560133344
-1872433260
1711496065
408579457
494375796
-1907028751
537666579
666848362
-88075190
-1278574394
1073369045
934705219
1004479396
815693642
1907758348
782139462
-1620105929
1728264871
-318927309
1225052635
-2079044283
1772877917
-1622086249
435712008
-1730118228
699610198
863150880
2112352685
-1379131737
43062868
-424268688
998907338
-582071272
1293893863
484580392
721214801
202437193
2146935221
1543396808
-545125004
2094614585
-176245180
246920622
1845607998
495790728
-1851939382
-1761852799
-2042752762
485872217
298521398
1720003778
2041447142
-2009010518
197703921
-278776365
-377133367
714920095
-1309931423
2035124319
1959022278
-502682359
278729133
86964003
2141704847
-13762866
-1479777746
488214986
-1907276130
-192995855
806544056
-943021545
134055086
-222489411
452216534
-2064285197
-1389388881
-30866293
759514886
-943040764
80904171
-1933787855
168057119
-1912148985
1481249631
1308722987
851930538
31677533
1089716500
1090333238
1847071772
592339636
-1320026476
-1457235396
-1139659668
640767027
-339953563
1105239088
-1289556125
1920071937
-2011422941
-700513652
1964741146
-1438046702
-353431448
1430663389
-1119162304
-1671374149
-979362479
-32196197
-594694205
-1417469198
423242854
552277827
-1720762367
1493788733
-360428161
-1759591059
1236152628
1909318162
-1534014300
-1586801195
-322460666
-1086061324
-179793892
1654628240
2010506624
333189476
215250739
1071283673
-1685945720
-1449899994
50520775
844802742
-1194984269
1402171950
-1669001672
1876992676
-1381742433
-563451444
-873505128
1705622274
-1379492037
2050814086
343387955
1010001215
510293357
-1382586148
940115271
952086171
965615400
-1486934660
2033132399
-1801131684
-1204317657
943894709
-737637195
-1892132431
892029181
1766334198
-1482729249
932947616
551244826
-1004983903
1166017568
1641128251
-879574263
-1717127947
-1812734790
733524843
831135916
1186032897
-1436612717
108557735
1594174491
1836122661
-38444224
-1994507331
-1056549869
-1220063781
-1896770943
-415263373
-1773864251
-1674390190
390540739
821350100
-344066027
-1940705326
-1624843683
263838996
1165348841
762261530
-707336679
-2072573428
-473185648
81212302
2082432500
478091497
-462460799
1416682481
958908353
-38874022
1285494862
900153484
1210972238
180202336
-1953598037
1192420637
-1026800620
-1942998660
346903817
-977452350
-1871026061
1376353916
1122503517
-1710001779
836696758
-1527953087
-513453614
1209893400
-1890583496
1931148275
-795056818
2094251165
977024427
1039463163
-618619510
462710279
97454326
1830431799
1249814045
996812524
2136703662
24689304
-357410878
1843834067
581564242
967334924
-251877960
718743406
-1584114754
-1380918600
28599861
851676352
2041256311
1238738203
-857883428
1052609198
-1978507842
1938075099
-1777211715
834873718
-774823094
-2090823252
637144849
1200196417
-1236635823
788237195
-951148466
1090092428
526878807
616120656
-1006928214
374879379
-2126693559
1119269298
921207004
-1526096648
-660446937
-34002154
997884001
169436019
-932744804
1099057250
219739674
1814336206
1889608201
1775376607
838176125
-682285802
-28971047
-385465018
-1312563881
1202001376
-561146772
-2038997144
-190948782
1782763484
1851943305
-331932226
-1199159168
-1466974907
-1517496741
939464741
996960495
1660068233
-149963726
-1195444566
-1710109387
-2116925632
-72539267
-1012819849
-991879851
-947550796
-1280031163
-1443686942
-1844207320
1101313759
-1492266183
471261306
-1667922198
-980825794
226083574
1404615819
-1252465497
-1098047504
-1480064867
750515585
1020115479
851376453
-216020330
1848808864
138841717
1612315273
417639626
85024347
2012858789
739175734
-1086466163
1990688362
484741960
-1548804350
1712749798
1001131406
-1759838125
-596711347
-1232527632
-212163422
17846446
-103324542
1175725591
210604335
-442648403
1042917095
-1529846423
-1748624506
968297901
-953860861
-1754418248
-1195833391
-96996079
-208170192
1919787019
-203525963
-1588391253
295285882
-1754929328
-1910439089
-1903164308
-610452315
2106896616
235311041
544213735
-1345088024
350511226
-468145365
-1242318554
-1072240852
-1644432369
-657583973
2010603092
1648076529
1524584838
-791252732
72065425
-2145957646
805766409
-870729018
350650556
-124500764
310056344
180667878
977062186
-252835834
-224663668
-105883290
-1084148223
-20806058
-1258903992
1440517696
-198549215
-677716611
-267496360
1572661215
-1902116933
-1918578130
1423832153
1046588237
-1405462327
-1179079892
-1663629292
-709129751
-1481717877
150984246
339124300
-596543222
-1483056957
-1183347740
-311417994
-2076145136
-1697709282
-1291340541
1632808899
661601867
-93843437
275614508
-1810113191
1782769978
147692126
843753529
724269434
1637834857
-368997087
-842191347
1097284271
59326970
-417364858
2132599250
1579234958
431157354
174877095
1434123337
183604944
-1796696674
1719988698
-1372719423
1332496787
997439747
-1028488545
-1994381261
-1123226640
-1172536555
-1500301691
-1543002408
1486478179
591908895
483568210
331493063
1474111423
-1301587763
-335342666
1519136412
-178586735
-1826508278
927334388
