-1427006506
-1573689
-483302135
902599498
-127419727
685262825
-661745009
-1752515756
-2077074633
-1653612227
-1123133409
-618868413
140411212
608343033
-1314821444
1917603171
-575686513
1458578315
1682123424
-633347440
-259117777
-2130472611
-1476310505
1380982550
-1103972282
-338371978
-926850113
-1162192630
-1467619565
-393816274
22727065
1581478257
-1466939253
-895356733
11089846
-1474158649
166121797
-1858944667
-1105179144
342218179
-595592765
1454701843
-1652229156
-907987852
-402414993
361223604
-1524978944
-1994544414
1001440977
998847860
1268192898
292928363
747392728
1524757274
-704853429
531049741
-601822269
-330753974
222378931
231917812
-1253924246
-1191535371
144715885
1753837380
-1884161112
716115691
952126525
-314530000
1628663402
1983024535
1143103384
311260083
-1611274796
1087494672
-1788915242
-1815056171
1373701339
-1941369983
-576128360
-1928170241
1285182589
-1048441766
787096778
-800268123
1565986139
1328419183
-196406459
2116768046
381361609
558966145
1118715022
2042314769
-843941206
-637889925
965863780
-722819177
63246017
-1252770854
166838278
-879326904
-1597432995
46556494
1372400864
-641225349
331326102
-2135048745
-498360926
773213139
991939693
-894975136
924504981
1551972033
-267390981
-2033872774
-1704007355
-541117817
-1095137257
-506545493
1116618216
-584928148
-1175796718
196369262
-1692322841
-142214172
-1786456953
112689810
1286082492
1636263690
-8184474
1798466491
1439576315
1574112631
353418645
1136893058
881550791
1242559776
-942483349
1043117408
358193549
1196629856
-259998226
-657369401
-1583688701
915282069
596945112
-1595407740
-1085320663
-744951732
-517762119
-1824994989
1274823979
-291749453
1124158164
-407471932
-965514004
1622774818
1307307556
1575612620
-1288764075
857279692
1933482974
-1702859254
-1238810678
1612372472
-2095036497
791322891
-1752756404
-585950200
-14968633
1190304351
1792339701
569807493
1484418102
453914264
1477053414
-934087631
750428563
-577484026
1707302905
-1615170560
-1445865530
-1085705883
-634329062
1057992631
-111406253
-1807885744
1995392406
-801227704
-1546428607
-478936341
-140195959
-1441408082
-1406361312
-102060760
-780685382
-259646306
-1397722956
-525131135
-1546048330
-918178955
165818929
79898128
-1227259111
-1452585787
1616830066
-1192605875
-1419421893
-2113403956
1482538206
-1848115342
-1075353154
-62485363
-1940637378
-1112345974
414807232
424520090
119295356
1414343379
-1839952731
238884929
1236973500
-909836828
-1424294495
-1562403637
-718854771
782434240
1485398661
-486675251
-1712585308
-1131854378
278027462
-1072470130
1102220928
663231975
441415723
1830114458
-1613269436
575164058
866254410
977699551
909668766
1754873879
-196512547
-1098833932
-1479321524
-2053987020
483715952
-914340001
-170262886
1794788469
982443630
-1084708999
-828668833
1862033180
-2085657190
1238474708
-893340894
18203884
67835007
613167785
-306210587
2025238140
-443684257
995039664
1958274628
-990816641
1826421896
-406515710
1984761871
1925961281
-1402881422
2117538657
1383074240
1636391182
-2121982803
1886821023
-1093417205
1287830057
-866120808
1962764855
-2004770963
-1586883485
1299777898
375610576
1310379852
1619337743
785077816
-361805871
546585784
1151056148
281591736
-1785219119
-2311357
-768062933
797444154
-903077436
-408808292
1629531920
-300432350
293981340
1610575784
387112184
1037680318
-1666381298
-1887601183
677512456
636294258
-537335473
1404010958
-1420128272
1040710971
149796409
1516687049
-1878061721
1044508961
-1860095915
-279523745
241121935
-1294259049
1445981825
-1780026957
-1584941133
625200575
-1769635874
-905557894
-1353173776
1706603713
84929215
-2061894864
1141210898
1551363367
635930945
-1478098247
2007749319
2065496287
868691196
-2100047158
-1925405467
-311094115
-1134687882
68593975
-837761440
974617624
-1721274524
-1270820936
-1684470390
-48720755
-932376986
614206594
-1648577915
1594083231
1226339174
769185625
-524370008
-1627489406
325094975
-1411817405
1175426983
-295862190
419365711
-1196922249
107957229
-646627899
-693738414
1579619008
766528818
-725142955
2025485987
-2062504848
-1025212381
-1526116677
-1885282960
-685746894
-858415147
685241211
-1716946368
1408562079
-1358668074
2122529587
-1622030792
1252600208
-1755345977
-2099185855
-881087680
-696468196
-1612385713
2015124399
-703514433
-387702717
-819972525
2118296101
327376245
-960937406
716838308
-246481485
655761138
-2067212930
-365240522
1844559874
-1464131198
-157300193
1387846157
2023283262
882094375
892584398
369594631
1430101843
1379326500
-1434801781
1669991237
183478096
-1478727845
-652775183
-995347930
-1894088066
-1045678300
-919618334
901737534
-1927051903
-1491693183
822521162
1599961824
1709235608
-673293447
1016634749
1347667003
263631852
-1952535251
-1157568641
1292881179
26204358
-675072121
1352097984
-938863652
-1909155443
-1998515110
-1885524743
-1976450320
1708156703
1952399153
-960301907
-1145401111
330857814
940719095
891107876
-1287184051
-1586184929
-50544846
39081220
-1965635291
-453577217
-1316917216
-1067773369
-2004378123
-1333856637
838123901
1121148385
295915396
1695503047
2119549607
1200680938
-26583208
-2016161220
-1319934070
-898625448
-1151064715
1379396489
1138429844
1099816970
2127581597
-519479168
1112188890
2110153052
-2030618578
2041256392
496913255
-308519297
722007604
430106455
-1822329651
167797853
-357758931
-449099077
-2110207471
2055790340
1297726646
51331427
-1834257425
1489056425
-1838975794
1871516212
-1298861755
1946961241
1366287928
-1266064154
-432574984
1420882658
942565572
779254420
1956102810
-111349941
