-1476250589
-2059502973
1117508720
-742783997
-638611593
-987829250
1346108524
-1627286712
-1091286774
-469817374
-2027471791
-1390985825
1082499823
-478024879
-1676364374
-1320461763
1353837648
252286026
502688756
-1109619507
1389244758
-200551835
1028907395
723831758
916951378
1055620734
-1532919433
1597365299
1463984189
-440997987
1025438032
3811115
-486456948
1163982850
2021690748
1494727333
-741811154
-330742744
586078582
-1443627659
205983487
-711654603
-295166267
-819483610
1683838719
175440388
-36266170
-1123452797
563589954
-1870928319
874892195
-883403795
-2079845399
1715569952
396545645
935698510
-496348576
919177389
218725629
2087010120
514374135
-1606939447
1556266059
-763888051
1386289611
1184130440
741327651
-166747614
1190410067
1269488598
1392648512
695709697
-675548264
-1317513325
1381749053
-869413163
1759866103
24410326
-677516088
1323160879
1666105830
183067642
1271739163
-20025447
-1593180813
-2128319028
2039922430
-385588780
-2128041106
-1928229005
1763350502
319621167
1601015460
-459503066
-1981760534
-18692611
-1253794275
1166106942
609208486
1822644968
856333583
-1740792325
-1310536768
-1030659507
136565053
-106229061
1165246298
162234059
-1696037571
-931949273
-1651363866
1981661470
-2132561321
1515704652
1711546353
-58548592
800889061
-2090337585
-301404015
-445590240
1450180620
1197219627
-1630276936
-1827200264
89992766
-465705671
-1344310812
-757243472
1869049371
2054154662
296495815
200615291
-2060615767
1633729461
-1892189633
-1737687735
-1894795319
38204759
-236188654
282187900
1291450160
2014665025
1358305062
1876384561
-1600864538
-391435006
798925266
-2096315107
1797853343
1156700307
1669442374
-1181874585
-1096176473
2071181227
809326369
-303196021
-1531313482
1904786560
820003267
871800075
-79113718
-602056278
-1895694676
1261129966
-680065530
1405453977
1860171388
728720346
-252595262
-1709070555
-692000779
-1288345078
-1182751791
1616125621
2023905290
-783794418
-1236651565
1501500374
-1102281362
-12543798
1362308745
2127445539
-22077251
-1077491179
-357248593
-1025214378
-840989769
-1722747334
-1247303339
-198793181
-136598268
-1549225666
-380508439
-371070829
-1624557267
1395839502
194459015
-695291801
1386108508
-722934019
-1223280008
-577671234
504268930
163497574
1385872147
558805968
915975429
1557867209
616845456
650722199
-444921214
-1244125214
-1201791524
830884372
-681345251
2114595252
1418916738
-1185323521
-1982845282
1371560978
1598181507
1763051346
-364459226
1732300388
1786023589
-293791265
-1144408609
221658973
-2088905220
2112182246
-1198995615
-1991532829
1979793202
357706549
1405310029
568400634
1224380796
312292674
-30304765
-533318156
-759686318
667286639
2031864879
-1322730795
1790164474
1539848845
1161192932
-1680347749
-1801353923
-1089789209
-1201090147
-979692421
309478044
-469768825
180305814
-1379701332
-41786683
529799048
706282731
1361651167
-527810525
-1619434113
1596623277
-1586374587
1981196967
665167778
1088512265
-1933977829
94571461
-1726531600
944449851
1733655575
-1863624067
1201568048
-1919524306
-505110991
556554869
999521418
1975801934
1292706758
-2019371996
1011432213
644302332
88857124
2032241977
-2102625534
-1659206453
778650207
-1373075481
-1254567081
-1393486907
-623127652
-1743432548
-1884736736
1669593225
24658883
680720738
1319236006
1215507376
-1921230622
1463788703
-652432471
-2100221265
1224124595
69927525
-1367003641
-123951268
1400810688
-211655323
487324499
283101104
935576669
-1990235163
1172277189
1635632397
-1908471845
82179845
-1211477982
271976675
1397251949
525707188
247168989
1085028891
-1344637712
1659377344
1822907059
101468052
-1026735255
1743253795
1634436743
-1775038744
1744758599
-1394054240
2108556099
1788545560
904197725
397705926
498394692
1723544507
-833873763
-1052595170
-448618954
-1112739191
-1505988666
362405107
-899407261
-2133005145
-1306138243
977294038
1113764094
44348473
-1201387625
790282407
-1675357559
-851946626
994289846
-1478929433
1774741907
1193917049
-1618151277
535050559
1009828486
-328531323
606374077
-457499506
359154532
-303535897
1609847469
-612574546
-898822389
602281157
-1807058732
-835369096
-1949744914
1786980607
1920120915
1119152253
863246352
-1805281106
-852149997
804626363
-1148229999
1964916589
-1293884195
299304195
401330935
-788621978
1749316994
-1181154360
383430966
-31715685
-412300322
-308206098
880444078
1936751224
-1370686574
175194329
-157841059
-1322821321
-880222903
-1010393620
-1429561057
1141655256
-878592287
1240870263
348455721
-1716299838
1679506228
1714563018
-29221918
-420789544
106713174
-1571291881
1522609699
872749131
1482244333
956008434
-1612361881
-536912668
-198150175
-1023503034
-195535729
2077591660
151343739
154597368
-850041819
-939262295
869362628
-1486471315
-1396483183
412589851
-417745935
2077425599
898616791
-1896814214
-1219928562
1127261692
40408082
-1881193414
-1039330650
1960466882
1676804743
-1209454884
2067523966
-396768631
-72877236
1790245548
-2122392630
303907929
374615146
1093869350
-1693900037
-1112150354
1828755692
374776139
-499270219
2083190911
-1083382230
-2114703227
438687067
-268851341
1932421776
-445310814
707084062
1263418386
-140203509
45333168
-301381539
-1641037895
634920905
-248741434
-1685439211
-1291985628
951756127
-894530987
-413235598
814185796
-1851052451
1967827402
1945252681
-1217800378
-1844594377
1913781277
1887060980
-428328731
36968679
-728323197
1138900597
1801577542
1470111241
773434646
-2141586349
-433755848
-1239114908
-2127012445
-225942045
-107040349
-1044658455
-585579685
-608589237
-1109670920
