-1074950619
-1123803613
1200016684
1724194326
-1362254804
982501947
750218496
2110001841
1154835328
-1912718025
1960674523
2069992693
1512579081
-1930638362
-1242855989
1289781312
-1366906921
-1552308769
-1559987118
961468828
-570095486
-2138395112
-2030580378
2079613200
-202514318
-416539291
-1610155531
-1827830211
-1055522322
-662591745
-678916765
1420907880
182555104
1951739222
-668388244
-793242553
1014087493
445564079
-381564142
-318380501
-1345135551
283030581
-8098985
1481701211
813046383
-1562863516
426884681
-788770829
-1848807747
1118291546
-312125560
-1121569609
-758878250
-1512186597
-2074567844
1525526041
-896457380
-1467696508
-138927852
-1568395730
-2135266586
954826449
-2116436586
-986155328
-787937820
-1662308425
-371889998
1059974429
-1992256604
1433095719
-943327020
-952213081
1604913267
1497689800
24039756
-587648650
-1745651615
870091564
440666940
1162332194
-1088940328
210585717
-379382782
-207199828
395805052
-662030339
-1962867585
233620355
336155604
-1743015171
2082528483
1704193081
1800109077
-430291531
39940888
984851664
-11641625
-218576707
1470336211
894120152
1869024712
-379050279
2079549116
-1184702295
-492540966
-2092643082
-249758548
-1526202114
1993060506
2124619548
-1322276582
758683616
2024024672
2031471232
-153832238
-147226222
1663031159
1423007655
-322939355
1722270763
-1839799404
-2074898579
-944856532
-147805286
-286114658
-1545398622
-589057930
1314788932
-1320682750
-745628380
818413151
-2009115935
-1546089227
-25068583
1936687024
-306779895
-1228397603
-850213810
-1298341197
-791130392
-1360303085
1689483900
1512051019
1536065673
-127813269
-1655961251
-1442868961
1186929630
1302234208
1439627711
-1612410778
-273141105
-1158792377
-1429444827
959505689
937286673
466219769
-143622746
-1036821824
1794335069
-947923023
-1100216272
-1363490174
-567207469
-1218730275
1094032610
-1996067622
-1544027989
148073631
-813739352
1666323172
-491348282
87726579
1197522995
-1272398469
539566786
2053771593
191341670
957848554
1210973530
66004054
1430772721
-826624663
1003874268
-958067908
-1027619913
1836490755
-1604842911
-78199235
1005532266
-364781676
-1187819450
-1130518524
-1801226445
-1516027481
-755743326
-521675843
-543025769
-635497009
703553791
-209395066
-1216886077
-1562764883
-1792200526
352222692
502779734
-636756527
248616887
-1295152372
2022543780
-776246627
-858835139
1501921809
245793154
1898227542
-726423788
-603940035
1907114019
-465230932
-900588073
241676179
917330465
1625764389
-285086357
-695872990
1631707509
53835026
-774633408
328463458
-601976734
973568417
1230158285
167341634
1903391982
1452409025
-2099624814
642116397
2118390807
-922966286
1013446049
177176501
960137458
2004322807
327052404
480346090
1323776840
1982907885
908918593
1546257174
2068190614
469504937
708433330
1438193723
-2089234193
-1170005781
-610706089
237193750
1355054667
-1922281237
341419916
-57382958
-729194150
-762057359
-689954479
-1769644780
-1926774851
241928790
685833088
1772814007
-940084282
302020006
-61479579
1929196530
1813087846
-1862613714
340134645
-1570294970
-1767516512
-260337817
1384858929
1729985905
1840752296
1996962653
-814751696
612767683
-140216168
1422589738
821617691
-1786601621
1597169888
-534719308
-1693696478
1634417056
1813160900
1563982266
-1375698564
-2141501725
497692319
-1692825980
-1841278676
1861563246
-1584700712
1584187676
642776747
2072005890
-1750572876
366391519
855317465
-212743966
1815659741
-544714695
-1798427961
751254962
918418130
-297774394
237605884
1773338516
-677994562
-831894264
-413329683
-27188187
-1543025436
-1099916379
1346418620
1254533355
135589818
-1827362915
620895232
1890926817
-1195308626
-1179852334
-186480268
597023457
854655722
43768280
293441063
1657884995
-788861822
-2047394896
-1744556243
1648201278
1970258716
-1304217934
-1221334536
1749716699
431563901
804425326
-1074715966
633511440
-52386713
-199791737
190727443
-1569117877
830205987
1348206534
1797739775
-1409323867
-2103413466
882637336
-1169485248
-1127228462
-1904531475
1272456346
720868655
195807226
1728944315
885654562
1157489508
-1048274424
123958015
-1051556628
-1484621372
1703229373
-387609553
2143820486
-1505254923
-1932641737
1943319722
-1542996890
-512543584
1925744029
1071986795
238039583
-1026704950
138374151
-28141298
1558261497
125955160
271419507
-2138245193
-2001244387
135654352
1753936698
-1505322844
-1386004218
150875276
701934269
1204230718
1764049543
-1168667920
2131164533
-1643690028
-571569501
1890279924
-925553106
-234509322
1606837503
228591547
-267967321
1695388904
-306870058
-888219770
713487973
-1654025235
-394729085
-2130244001
641373240
1628714905
-2112886550
-2103420215
-392774330
-739890772
1388682879
1568860337
62568564
-1054819970
1116765807
-1027975847
164563266
-1117269914
-1144395274
342787550
870088139
1478063912
364544040
-1939205041
-1258731286
1153686815
-1611369531
120864276
1091313780
-1748113329
1165715341
-98118192
-1480069209
456146864
1559111943
-334089087
-609185834
-1952995638
-456761644
-208994708
-774965249
-1966381113
26968392
-2087201155
-374146328
1914257397
97579574
1679674173
1875323639
-527956711
-1583136264
-1662183397
-572516588
-854090361
650123185
-1782188439
-626608298
805890995
-1371364140
-969330729
410626114
1574671849
-738858477
961357792
1078866394
1209821597
669642118
296671406
1880692259
158291555
-553437203
1512505130
1610624501
1686513845
-1634793244
1881032675
1909406400
1355982965
795698029
341772692
-752515216
443151700
-376889120
-2055031864
663116221
-819953178
-737555906
1623296932
1144589504
