121296245
-1778148777
315721801
119635020
-1482028244
-1972217008
-1924537224
-1636143328
-677683766
-809806357
-1634191405
-1187982815
914577464
1919343758
17879735
-1734186013
1898889729
590664780
-697111735
-960933374
1490709366
-533924903
-1099724251
-603152138
250683939
-73361922
1480332506
2040718777
1166987019
-717988648
599218155
467348872
662921933
-1775913980
-1285594512
1515269580
-1313319705
306102293
1428764386
-1059176817
1078845134
150304869
880514935
-1349613676
1018482277
-1343876111
-1967749113
-520513826
-229568839
-97880296
-1142019487
-157405868
-975815743
1411694712
739802632
300788155
-2141090130
-1400779301
1541921572
1000141581
1695143496
1073326302
-1899283000
827121290
874746819
-1822904485
-1481939788
1392625522
-1567199931
1634692087
1573502143
-333438583
1231934106
1795258249
1318226292
229157499
2039021105
-1023172679
-1763303685
367103732
-1458152045
-1885324450
-1704466804
-211604629
1956009108
104842172
1725758143
848022728
359671380
-1584758204
-1358972864
-889204892
1920975204
-415235469
-1906481647
-1543708041
23870113
1159542232
-321084274
-2032461772
-1527601057
129134110
1283872429
-78882214
665032033
1040827958
962255968
-2054547447
965307861
365808896
1882515479
-756888165
-1788347671
1477805860
-2099816333
-1474545256
1657506785
-588831509
2104990719
1361003294
1075821203
1182605665
1748677878
1416394202
-290987524
2102083851
-1333212157
-1659352282
-1420603106
-2102848333
-558965775
-919456192
-1806746828
1938805626
78142302
2061817687
1067411921
-927438948
870440839
142067294
1621245248
760536438
-1607572647
2141557889
631836269
-2126665997
1795589367
925228710
-1214255198
356195011
-1800504267
943953815
-1302795272
-976559028
-582579618
1919989658
570559715
664235318
1999105458
-490323705
1359815062
2005440127
-99334505
406044677
-2042654771
1601270793
-592518291
1252183859
-953380276
1070980622
-120885787
1636554921
-262492231
1702032232
-1888253942
-1473115576
-759323850
-966964141
-124169985
-1970519301
-953596152
1955069983
-808461042
749538338
-1065928645
2107397249
-1573962232
1384943344
-927769694
-1847228914
-478683183
321961697
-1762444121
1848572660
672039211
1621418786
1026517332
256533210
-31790672
-892041754
22688502
1640624177
-405024354
-872306121
-1024370234
1079245524
1041499077
-1425193524
253949980
134893471
661445170
-307994820
1891338141
-1948709885
-797120468
40179524
236692698
771315548
1157423969
474074142
-1182914152
-1834495582
103906254
-1675004209
1046076738
99000085
905450160
1535213167
-622644287
1166874415
2114335966
1618769106
-1906226784
-1296104182
-86569803
1839246595
753258336
-402749183
-2142568392
72875316
583015302
1184637925
1717178225
-88644652
-411726565
1666144019
1060355248
-522113016
1240440993
-137554653
984953743
369723612
1162638110
-440310227
464943868
1656030266
504505285
1481873386
770299984
1066633028
-1327019111
-905325917
1271765305
-748328122
-1525000907
1703313263
-1808479159
-461274939
626999168
-1887769418
1063097471
-1480588653
1498053877
-226584900
1482698014
-772152015
800137524
-1048137466
-1583635720
-2103216136
1603351784
1454647451
1347005167
-688892079
1980126451
-2141189341
-1391114490
417829066
-948804685
-819690226
-803076631
-793815228
-48120023
1873158262
-2104124129
763965972
-927417792
-1470158214
253097427
-732322052
718399428
337260532
1722026124
-278479055
696163593
1296291508
-1834589156
-1089695955
1275219512
859210794
1688151961
-1301156038
-1212023301
-1993817092
41566217
-772509485
-1532102633
-622911144
2044509180
-493466187
-1825385222
-1087748128
117793225
-1341693367
862296678
304799660
1069022653
1385498216
437133491
-163092727
1484465951
1370027994
901067806
-938731710
-1138545570
-1535289479
-2070299868
-358057381
1364492500
-466964677
1094159069
-1701538529
-605506967
-1892752525
1336126977
-799704618
-765621114
-1544315041
1232038181
1355670494
2044657505
-1905594879
-467139830
772398160
-157056677
626617902
-1643673955
-442713607
-821600151
1906798416
-1137852080
-2014572613
-654431166
-1727688569
636908265
-1843967772
272544241
-2089691842
-1147665188
79779092
1495429297
-585851964
732481761
-665460416
706665614
466016526
-1153594529
1083100405
-2045901921
-393245622
-111214009
1092384969
38041784
-83923885
-2023371702
2127129530
-153083215
348503335
517608533
689564404
-1121991212
-1038202030
1269442978
-226328867
-1697230511
306332134
1585163713
-2045602428
995713216
541750746
-1077011451
-358447823
989823366
1659495953
313168812
674439321
1966520041
1311483930
-575266997
-314833171
-1102376712
1859848372
1184042553
-1047160079
1373514111
1157452207
1255890446
-404611845
247497399
-364513771
-1979956385
-514888668
-570426384
887364254
-993847794
278551861
-1989179625
-1091753024
617406885
-1220037929
1356450051
-365419236
-1686483529
-311973644
370123120
412035638
-1928841918
-662427533
1647380469
-1036965722
-406058763
-597203554
-647084852
390486841
-518046918
1105892575
-785841688
96967880
709287207
-511879649
804278467
2136681557
791755635
799725964
-2105038134
-1804535697
-2030856506
-1263029739
-2070227876
1077415183
-1120346405
-1150862001
715037831
-1883256248
701024851
1564540717
-2086571070
1578369389
1712581002
-1259068103
-273066800
-1989888152
207668089
-1096093788
1701002474
657100395
-768091130
1998212948
1261206204
1849439262
479367932
2146145553
1008298808
-1317858275
-1648964746
1821447613
-800403195
2015628060
-1876225241
644960533
1979590287
-1768905855
-1800904682
1580812970
-136488099
654916919
724583594
-1388096037
-374089663
-1235161469
-579223580
