433511623
1917117525
-1624325330
279080492
-2091219651
1823238372
226002651
-1992543426
489258906
-603016306
338385158
-819460005
1575367429
1112525056
-1042161953
168562864
-669476508
401460976
2105537069
-1999844613
513311497
726817724
414085608
242133295
-1170958113
151955638
-186794516
-448475549
-1049424998
-507921693
-1253983230
-72672243
-1805061196
-667118460
493345576
-1606597620
-231497725
-952622423
1731026177
2008142779
1760817342
-907638868
286878786
-1352377635
1868334850
-1987694450
1730073449
-1715211746
-6319385
725313616
329370725
-324436394
18107779
1295235561
645411695
-1725191316
-1218401885
516923313
1344906678
-718594573
-947099201
453925544
932129986
-2115327487
911936085
-121436322
143783172
-404367314
-1756378783
-1316830627
-1883532519
1279564197
1406988329
288885614
-772646698
-108699647
-1879579437
379348099
-538963802
-2087275803
-232563077
-1443020215
2010258096
-130253239
658273265
306688480
-638225610
-1745147146
-1445322464
418511399
282985687
109410689
-1235032421
-1461070829
-1941511397
-1187672599
1152576035
1514693065
1890873304
1516292726
-536386905
-1738566387
380189651
348054861
-79391315
623195886
1758733582
1511831187
-475773049
1588032639
489258108
-532482073
332360876
-238416836
-980187
-787849710
1052157464
2120632425
-293465299
-137776883
758810394
1479476487
949056981
-183672347
2138102277
1578530849
-455636533
-1041454834
-112297915
-191370246
-1314642312
-1410515965
-1095390852
-1205302669
486223109
1495866221
-1153134171
-48464537
1349997069
1826715609
363075628
924329361
-2026495293
-32355434
1814107869
-394776531
-935221666
1919568191
-1226788181
-1579440748
-1112764088
-1283319094
-1811566672
-1816086448
1753154708
-1111609244
-2087744120
1093873483
-307316241
-1201663713
779860947
906728499
1287301528
-2107952250
1689350164
786985132
-87078135
2125028582
-403936657
1828261847
1923142854
-659042435
-1995679818
-1800881910
246176786
352266547
-795173802
1563216740
-509846226
218458191
-1078340710
869610849
-17473790
-910538653
-864468576
1839884466
1054895327
-1222443385
-188645669
472505912
-120982968
-1611986879
440408049
-1825469950
-605033541
1827353936
624407343
755699581
1675189416
1924350958
-794056297
632525165
1167382062
1606536644
251939881
-2075803844
-2105613903
-1581324432
1217036430
-964017975
-1929897502
1510506186
1838324645
186798123
-1861969036
1452927514
-174971453
745734324
1967122199
984395054
-1166414212
-520031677
-631115125
1410634106
-908028938
404945279
-615703513
-2123693022
-1172270328
455463185
709002669
100669830
399779007
1453257912
-1216448877
1274009887
258297429
1907695381
-1584224090
-984932110
91254882
-579479139
-712157106
1566368538
-63585310
488075842
-648756989
1906096054
-2143582719
1511616574
126968123
822743696
-1341775840
1910408495
594484523
1364465158
209595413
913940682
1247245007
1906968184
810382641
1162585173
740122737
373790381
731314293
2004282493
-1421839387
-1713133138
1064709501
-705180683
-795680936
1400001827
1191074890
-418419487
-1230299236
-2135869435
-1935402317
-214102303
1911470016
820485027
109047925
538406888
1257661298
1328576968
-2105378672
1169087705
-1064544242
622452602
1901923056
-1289897502
2047329473
-271984055
554407907
-1695490789
130789910
1862850029
1829025681
1998022489
-1593482114
243832608
-1442866204
434627262
225085859
922941123
-1502372473
-1743504423
-1504885816
-819454591
1888008851
-751889679
2061026606
970813631
-38013225
1559904342
550216453
-811294090
281004095
-1052083326
-818771367
256383704
1577811225
82834816
-273805194
-725409147
-113229412
-1791246881
-1035108029
-759339429
-1454875609
1356723494
-177722225
-251913893
2094486597
-731216947
-1284416934
-658229493
1424335382
251137740
501409363
-90393381
1854466088
-1536066470
-1377837639
1736483636
44788709
236784309
-714078309
2010481008
-161620271
-1510461699
647781221
1814910268
-589152624
-1667793576
-1725172509
-1580936620
-1989123349
1270640836
1044615513
933451623
478206057
878445888
-1061731153
1706738294
1130895690
1688159665
-512772153
638187344
-1030311439
1027383720
-1954307875
629940855
-1884785476
1508605334
-67560061
-1562684793
-1174496985
-1594457137
-1775947109
-1964127430
-1096174455
-1029857697
699801783
-744093620
680395678
-126909154
-659477365
986815003
-1727166716
1473043641
1653797759
-752481564
-1164817616
1443415176
576941165
273707274
-396706979
-634671449
814343581
1777984822
-1647947801
1168533669
1257764227
-2108623619
-1302712793
1902776158
-1581741150
-427237844
-1605758420
-543075476
441329891
-1936562069
1057640767
1150697358
-1231335023
-269636236
1513026690
1285890506
1271227322
-949930934
678483587
-601220549
131845781
-1663976419
-890284116
-374861447
-720375892
-434360415
36566936
-1556440136
-1696621790
1483859851
-1912116024
-444507216
-1596098023
1412990756
226760675
-258233183
-1143882846
1729423381
-656207355
-1668384138
2098977453
1985584944
1904313464
-851516257
-730021380
1375793381
1446033367
-1994993576
1967545892
2007034365
-734231824
321678129
2098747502
1457472954
-2141235051
-142224982
-1803478107
-1924851707
473944644
-926266156
-1564068163
-865628389
-815864944
1546151069
-718495125
-2040764282
-1101189229
1640181126
1852894459
417045602
1201520925
594519034
1612871945
-1319667256
1842205832
543094424
1461277287
1267960453
1793665230
-554148700
-80177186
1196346691
-40481502
-2084600140
-677443287
-647123990
2070378558
1144547334
288044335
231246554
-268664304
2065648122
954725227
-2064428294
-665407553
-1014258862
-105246693
-2026209409
-581247668
