-856801823
1264058167
-1343090165
1464874580
1191773950
-549202275
77077028
-1773000604
1775680443
-1469070061
1743304175
-1669882602
1375600789
1556498985
-1750381047
1706057593
-810272419
1018772138
-2042218538
-2046366090
114452528
949451199
112050320
914860466
-962331002
1714548121
562001808
325115611
1624286647
-1607449030
652829655
-1615810350
-504142661
1560201623
-876001348
-994878643
-2020358918
-764755429
-1036641449
1237239710
-1608667537
996400622
-1466799122
-1922304265
229352707
1500018627
-994002183
1507054231
-1632317758
-280007612
681494661
1576103233
-969101936
249914106
2058469762
1820385809
-1551166842
-1720735597
-1400427783
-1084293158
2054941749
1395443478
-65411436
-746535543
357766486
-784247252
-1336509496
-1589229069
-700096313
1290057461
842119198
-786151445
-2056813522
2053509711
1524854908
-1648870984
-1945041393
1247586259
-1242790250
1400552252
-426009769
-2040408729
-1841668075
394477235
-1375795348
535792662
-2024148418
-1104093351
-375064324
1444620223
-1642994778
-1644579220
-631925121
-913468929
-1882315947
-2130118582
-1566783593
1637319912
-1928747494
-1032220119
2003472808
1273221761
-2090775447
-1442160661
-498111012
1062663894
-967792015
-938258258
-1916984466
1484334851
1300674657
1868879388
855745489
496424262
-432294867
-1851302060
-1920304925
-948986317
1355292301
-95314650
-2095008735
-1656200259
-783188606
710614960
975940944
-1016345957
-731463110
-718646661
40080130
302987535
-894505257
-1557223923
1692284445
427347158
702659986
-494433368
1400544647
-1166631414
1046213461
-42605901
609217188
-1046412290
323518711
-309657137
814648287
1459671202
-562404089
758798664
651037474
-595094639
1531498535
-1647092397
-1086047527
-551602744
1315040898
1992057479
78007770
1972236531
810684706
-1192367662
-1395526954
-1203137434
-1951719031
-325533035
-275643154
-61408122
1548700500
23326541
5979119
202048998
-669850866
2069425055
-306309525
-286385895
170455489
-1300225827
1789872456
-1470532366
-1188635260
-1602670800
-2002656802
253679559
1036391079
-907133961
1038493771
69598145
-511471018
-309190384
-2068930074
1152787618
-289561071
-1066751770
-129991538
1883831133
1856860801
102867332
-605414061
-1611099107
1879661087
1932465735
-345806283
1441489346
1287185858
-90948819
-477638153
-2078382760
1837983202
110586128
152579631
-919007372
564641326
-1050381865
-2071716707
2026658334
2084965272
933212041
292751697
-1947441766
1773422162
60484319
2004072644
568224999
-148764324
191550193
-1932241428
1428855231
1231820242
-267950938
-1980860848
-649057718
-729919734
1998592845
1716313492
1916773492
1940780437
-1397752091
2112851542
1823028174
-255088294
620841539
304637048
-268442051
-794739572
-402977537
-1342790086
1713545724
-546721814
-1890008871
-427837241
1925564441
-234321182
-1572595239
-256534762
-1959016184
-1110142535
1472160298
571477203
1399035282
1982437080
-2081318665
-772422143
-1868832928
-393380485
-1358305763
1236821300
-458095966
1455565110
-1931403052
-450896657
-1459971741
-1541197789
-2132714656
1443800294
1482118611
539824095
1638867210
554856738
960925190
984116876
-992103157
819142987
2106720586
151820187
-25608216
369674567
-1566425944
642622427
114647016
-1510824423
2137135166
-1947269919
-1869169648
-1930985176
590113464
435241940
1050879790
1236023713
1492795506
-1280089201
295456440
10452815
1725388459
2102857728
1587839170
-550841816
730032522
1312264361
-215481110
1432460228
1982652764
1360338329
682135600
928410768
-1491144723
2139742007
413203130
991348374
1696292386
-9464056
825426895
-1209473763
-728290050
-87188640
872446982
-689183046
-501511347
976339502
-76248990
-493222933
-796330586
751370489
1275009541
-946488562
676005321
72056832
-260411991
-234715293
-475709751
-1222734437
2004924930
-1975887309
-35909487
-69907302
-789011578
677736776
-315822090
-1937623828
1448393514
1260747817
-753511882
-360533061
1861117440
-521875875
2105169773
-120296822
808620783
1368008428
375687775
-1394702860
2022344465
395755983
-2055447084
-1742909006
1458208213
826421280
-1508074925
-1558204996
2014602714
-1328448211
-160225110
-668554462
168257682
-1240420542
-427245884
-669061854
607554886
2127268496
1509569220
1379582312
-1553642496
1662168597
1436698788
-1726359797
-48809850
-481816965
-1294670150
766854201
1505725761
1174113341
-1505092977
254868069
1816503095
1430501446
1153315386
-1502088873
-1472756672
333085452
1884485898
218034426
1137561216
355085958
-191919347
208494938
-1728677575
194222422
-1734518260
-324823579
1196370250
-257912364
789716493
309262534
155744340
994888230
1328182155
2115425074
-835012221
-863378896
788079813
-913523138
586158144
340326538
965411106
1990075611
-1066840931
1930028035
-1776366680
525394743
-934612524
182995027
-1100816546
1397658719
1870210183
-1001847017
-882472957
865728229
1654365293
558294698
218163596
570828369
992662478
235939817
123902883
-2126876186
-1927877382
-1437168584
-998860448
578668361
1049102822
290441167
-1959550202
1372141743
-385318605
495994029
451065037
-708006448
-1848022367
1063574021
-1249934659
1921424131
-1848861379
-244616883
1139841136
-485063523
1806582524
728315605
-1832951785
1484141358
1970806749
-2113773368
-647141442
-1360180771
-943510292
-2103743476
-838765367
250835739
-665870457
342343871
-63731308
-57370671
-1944302796
-7168725
-1621546579
-235584125
-990135171
249329817
87904606
1104943099
1074182660
-1943833335
-1326389258
-2042471470
1614733476
576341178
353390398
-1485241899
1573011639
258603374
662060927
747770157
-245110513
-975988510
