-105274888
-1399008241
692059771
-139974040
1383006307
1143455155
-1451237921
-2007363458
2143914503
-1960032139
-2127089838
1698122204
-1920769739
564120025
-579002377
564487346
-1958573466
1351928495
-88539366
-223687654
45057862
1933923665
1560015802
-1163762320
1049929312
-425696427
1793249221
1104685481
-63309051
1557124647
696218243
-1341291511
1397862049
-1182516955
-943639691
-1344770035
-1507603694
1666277212
415401636
-461481302
-1012394539
1878608217
2008919928
602287868
-1783618651
-1428021628
-331654281
1529273463
394435928
-154767993
-1051573807
-838578484
-1620909277
-1748573937
-1749538908
73755669
-90424400
-659486529
1993297574
-1310582214
1223365636
524869038
1957240411
-167557441
186845031
-1078262937
-1088041130
1318736153
-168314618
358533756
-787020497
1856199334
-1842988421
-448246193
780967544
-549811167
1373884135
1454921399
-855409237
-1565811731
1113928040
-157054552
-164664672
-1024616810
1803492178
1586043973
1779817339
999716463
-627187939
36388042
1373716100
-589978321
1860400834
-1806731353
1102986770
1012728794
777702150
85466107
1345364203
-205670812
1217594455
1848333432
-2084084757
-2095068991
-1761794483
1731779078
1862609483
2067854454
-1070429136
750835638
-1124859613
1712570120
-2105628864
1808412667
-726112313
-713958512
-496907611
-1716632474
-905412944
-630282883
-152992019
1031346868
-652444274
1233731865
168484562
35140393
-76633028
-1586470190
2107069307
-741975436
-955470939
-1477594464
159648066
1884604987
1950288670
-1803330394
2029309913
-413101804
-937565348
-1830777819
795096419
-338953439
-830011120
-1279806962
2060406221
818992554
-237335266
698072993
1838918882
-627929618
433302644
-466091683
-1697951375
-2102541630
-188588630
-2139053464
992972992
962492015
66500964
233134450
617588264
1340783962
287600503
-469639501
165088373
-371112298
926484570
-1114144929
-791367952
536029577
-1433423044
1249558698
1470141557
-1202278309
1642200964
1902130926
1119962432
-1066580841
1207009281
1042875556
1804084644
192038412
803416799
487083079
-1614399888
-393031886
1188155847
570233343
-1352807534
982053746
1148405432
-810982922
1619923965
-621006722
-114565104
1899500326
-313797665
-1107059339
759274697
1355204139
-1457846376
1098448407
-2091620935
-345241742
-1834591164
1981637708
-1275547537
-913470670
1317693074
-857563624
2083226000
-779646082
-1927774682
1190564723
1381487509
-696029878
1351621330
-966500892
638594744
2055510615
-1725475807
871943089
-626220596
-110124628
-1555064673
1625815814
-1081569968
-106771849
879736945
-1529567441
-1593148014
680403411
-1884161283
-205525360
2893952
944218184
68870031
-125188300
-1761640027
-1863754889
1123140946
-1708373320
918002071
697501009
-2038950723
57436464
1777983225
-1789354584
1949639293
1444912421
673323725
1448238669
1327738508
2081858694
493908614
53752021
1930056105
-1205751974
1189403325
-182959681
-1063098256
-954961496
-1465987274
1707433697
-1505165993
-524967126
1419831826
-1456152314
1460207894
-2146271795
1277135255
-6502669
-932462223
-166224385
-1450158180
1735501875
-1980510946
-1592219719
-1481467975
1345699307
156856870
278042292
-1085446190
1455982879
-273605280
1949021573
-1371200981
263272594
189165785
742769706
-812600856
-2101115102
1139777673
-1125284923
-1157917948
666945222
927636842
-447954050
-1425280006
-452782185
295377079
-802163532
303482880
-1784276931
696769803
-1876507628
1674481826
-1991611720
-431617327
-547114691
-111016931
-616557436
1864904425
1197257828
-157142692
-1858576765
-1072250817
-1159227437
526614493
17111719
-960489144
667135945
-19940739
970013109
-458969680
1366737961
1623184897
1059539400
1119162901
1209958018
1779024179
-99888866
-495410618
-749191145
329272452
-1230142544
1985365849
-371401405
-137199956
-1036169782
2143207631
1520222086
1444809092
1386049828
-342256090
442268108
187252693
978575466
2048487350
-1174954017
1496726153
1938484389
-1559652044
262738999
-1756592380
-153039552
-1944386451
435927767
-1675906852
335195703
1637084844
1668753107
-2047776430
105583779
317978436
1166677848
586942305
2065804165
1585825740
-827397112
503696549
-1405701311
51940183
391238552
1856047929
-723749614
-50133513
1827957202
-931869813
-1611965123
-1246123209
1282801731
1139732921
-107162442
-707863792
-1051232369
415001519
1249919416
-574556163
-1249768729
1047217655
653024851
-1210340662
1468578155
1328616605
-200583240
-998825339
894354582
1989856981
851674271
473298773
-1877098503
-2036658303
1896316311
-937673154
1255610240
-866758296
327482234
-1712325540
-1931857555
1010842990
-1161277389
200455407
518121477
-1141035920
1460086878
-378828186
-879721831
272946381
-788050694
63626604
209459491
-974212829
1193397321
192610709
62621496
-1141023569
-1143137065
404810797
-1613907748
826401776
2061848831
1546854136
-2095596522
-174625725
-765194022
-1913789566
1051400322
437026091
-503354158
1432564324
913008587
1040049797
-49484368
-1106644322
-773815301
-1855444283
546260967
-552460592
-96354644
2123314918
-790964827
902916880
1432247081
-1065453344
50628111
-1860966233
354625632
1388918975
-1554376637
-530417901
1393912735
-1243167993
372537734
1986080027
-405990797
1759249446
673330491
-1941043640
777664080
-1296642793
-321563091
-1021223204
1736107673
1459027660
246771441
-170391636
742041664
1261105287
370334441
1367924022
1132809949
760817126
708871424
-888207343
2045128098
2000751621
525720752
630620177
1365038016
-535605325
-1084750096
2033985554
-2043458511
-936715979
1232971960
1047680460
1683258494
-251332235
-1765371349
-1074499681
