631263891
754630371
-1585679793
1437745681
-1748602222
-1899741976
9418934
-469019999
-632364
-1071134327
-1007137199
-191034492
2060663342
1093065496
681441494
-1579800525
1615514981
1519350264
-1293906363
450299015
-363440559
22977353
774494396
373084188
903453564
1484471324
-181396104
-74887426
-446909897
-188108124
1428452107
38308530
1533826900
-1685553908
-1269837892
1797488701
-1673942274
-2014825769
-1900605557
-1798120047
-1149312956
-1832766847
-2090423295
1623124119
-236870203
-679822897
134466942
1124570154
-2010918293
494707196
182171205
-897961441
-1125098246
1160671186
209809393
-254490406
-1816386310
-789955955
454950873
2024724664
-1511637754
1349074838
1341605366
-1114419760
-65203174
-944092557
-1046104835
727550523
-102140417
1569541937
-342767328
193729655
-620510997
427745910
917332558
140973974
-1889086411
-1827888034
-1508918814
2108626877
-667156021
1963529782
-274605692
-2030295077
-952331296
1612722871
-1581107657
781866599
-1180915692
2128218263
-1298100996
993843589
-317957830
1249995915
1491369617
-1892546536
-86705873
1094429171
1776639899
77248494
929353638
730011672
103482785
790287583
-2019832342
-909750796
-1472234767
-407030529
1657154486
203106666
2141870531
-1006348747
-1407133564
-789189248
332402319
449967673
1797359777
2077981359
-1803448095
1751850218
490607585
2059104503
-1557211299
-1721714026
-1142526240
-519804286
1221973813
1987505577
-1147633321
-817462677
-341655973
-1570338291
-889688803
102704917
-1917300664
1535647542
937985095
-1928073042
-129000401
1816672562
1033299885
1948166416
-665606465
-137547332
959499611
2039640851
1639725667
-443731708
-292559707
-1064115115
-2059836564
892556419
1165779716
-186763134
-622706247
1867802733
-899378465
-1560405598
768887465
1872003397
-1350454531
252394671
337317084
-1175567725
1941500583
1215627353
-541320889
1821760125
86070840
669666408
-1080801696
-537187000
-1074303797
-2121948989
-1338388185
-577181782
-1161383389
188551528
-928747299
-410865800
1519136508
-978250242
-1353228075
-1236218510
782959974
226195562
-1486286772
-293297581
409298431
-646775453
-536524737
-903004629
1334831326
303660924
1466910578
490800735
-1083290308
-1628423423
88330273
-1865915468
1589641881
-1372036652
-1130236572
1081646960
139142281
-187410799
-1527994608
498369160
815573665
-1242337695
-567158815
-1692053134
1279906898
-458027234
-14209587
1783141917
219384109
1955732196
-736950587
168121282
1649338264
-985559795
1601900872
-167283333
1943433992
-1922991717
488659915
1649140711
78235727
-262066117
-2062132586
654459879
-1488812666
-1679536110
-1616844686
823930041
1229352008
808083868
54777321
1887667167
627645419
-970524801
-855881758
1940618471
-1904425350
-2060939295
-211657747
814604316
715391678
1863131359
810985969
-60095721
-1343801246
-1802802355
58163298
-75923837
-2016238460
-288854135
-1612399368
152071923
-462329063
1979449529
2120876217
206816531
931569680
8237385
1712826640
-1947972458
1662042336
-2051473473
408614819
-2112744347
956121018
-1253200535
457442013
-24930435
-825404054
-696830469
1417447447
820706453
-135169522
-1471398829
-386610016
-248160066
-1487275935
-1257102377
264095124
1801502755
-1887351043
127755207
1976561056
-363409401
1483867538
-1630844078
937536154
850455586
193026063
-766017196
-179809765
-1118998219
-859695185
-208099493
515699447
-757307
-482431689
-81940006
851347408
-1299042249
-1878851984
84430477
-450198159
433985194
1933285606
1840123174
1317601466
-243854022
1244210310
1196012150
425129023
-525062732
1845520604
988794671
-697279286
-1434676762
1628851759
1127520868
980533029
-1652290143
1035301265
1835100743
-1828122066
527680112
-1378403417
-811935345
1860831050
1760375994
2030877542
556034122
-461301627
-349506255
1155720160
-99901893
-1660992030
1102621071
502516384
410695714
-1687810998
1680289115
48858821
1374896866
157248607
1548934912
1496416448
226745726
1425005261
1114390853
698382465
-130816985
-1278573497
1050597052
1813387528
-270288078
690390185
-1534882343
1728412851
-400769144
1085092328
-1823530545
1636969015
1903982378
-2017992037
484414505
-157238521
2147124542
-1036800355
1761636722
-1464001430
-1455042251
-189661770
1163845195
-1301653729
-1303950877
855124878
929706321
-1113096884
327845773
-1260689717
760341001
-447948164
-928307170
-147496911
1787106102
491449494
-387724709
1358847751
-458786002
706413309
1235594217
-555595379
-2055374944
-1931588298
-1679741548
2067506299
-134997086
354040127
710162393
-832208253
1913551814
-1061894547
-1483039134
-328653381
-965975718
455149524
-2027249640
-1955208295
-2012652746
-528354428
-450553289
1028443426
830334321
855366693
522199480
1649926744
-1770433763
2052181572
-1624229449
-1922809749
1845759868
1878523886
-1432030707
1097795796
78079103
-207369999
-1573321725
1114511190
403773015
-645080790
2089134932
1036198176
-1828606131
872528358
1888928726
2088948136
1145884126
-435899289
2007546697
-434897075
2035047620
-1942553483
-706534230
862086875
-1891143674
-1451324145
753774686
-1397232273
-111010510
-1466665322
1848792028
-1085655988
-177872327
1445727549
1546918937
-202116154
-1250024433
-398754710
-648527430
1225576433
-1697712750
-1662961041
-1800281961
-1977631211
-2136221645
-1940853866
-815351410
336789590
-1616950578
-652531432
-2139102692
1173176726
-1019258634
600001620
1166585450
-1787536142
-175177012
-921127280
-1230481817
-2043524436
2008164126
1625876969
-646181562
-1590212203
863683360
483337031
-1272193595
1475047544
-561818123
-2093989267
-1383314387
1778427589
1770508548
1540961164
