1533059052
-1744717413
-381847298
592085096
1103864188
-1944362628
167666314
-1107476748
882978417
740769461
1757841661
834217545
-1196027301
1139658088
1137314368
-462189222
587130346
-1161390817
53925075
-1104734922
1736395177
812267371
-522229414
1185935823
927238046
-850580792
-1618487507
-1170489645
-1470391263
-380063933
350604721
1966202795
-1954586596
-493993140
970361853
508390097
-1216387191
-787575703
-1513640196
724270270
1563941851
1412408290
-394524806
-184202958
1284897503
-150515680
-783807971
920739165
-825709288
738880836
607864341
646084896
1217968882
-1803674935
-2077622901
-1532292192
-190634317
-299117885
1076720662
-620536129
840725024
-348790454
-1248837322
-1768322876
925722531
-952093301
737896355
-407553845
-123409952
-1842237615
-1643863082
959038835
-926829228
-804195574
-1665176848
1942462632
1199684126
-431384540
-565724981
1213330037
656763451
-1991949767
-387405585
-1078324138
535086817
-894429169
-946462303
785052074
-460036887
1466361677
-2136537213
-1469970609
1545656755
2072474036
570223442
1164796370
-984401258
2074232618
-108786779
2092070255
-1336973625
1771297308
785551620
-82260656
-1027292400
-1737763561
286352831
-1260815029
194891814
-997758002
-906558642
-1206409522
-1837513449
-476837083
-2017311353
1574488385
31394769
-914526095
1132944620
1315246074
1787901497
1599561927
460049307
1447811591
-595300041
-904916337
-917908020
-873161754
-1179595295
-1600541274
535303642
962662523
-1292026528
-971390759
862223528
-1819496902
1676525415
-1611649482
297890253
823863966
-2033249327
-2048883581
-1726875203
528317472
964029489
-1794002936
299121597
-751952320
320311163
-1547988081
1667685026
1197461253
-2066696862
-1560848891
-1041053693
-1830556408
608717530
-225947911
1749268439
1566208108
1567075303
1299260698
1784300480
1968390378
1973589614
-166432980
429066697
-678846497
-947128255
1100539932
-401313270
-1342661961
-120945860
759355652
735657550
756846445
1576106720
-1672902646
-1225385647
-1647811821
112898800
1783766618
1911152021
90828603
-1880502045
1428237050
1667324407
-2129209314
-846780189
-1598303766
-1927274611
1691475036
-1440025533
-1201380188
1319702454
431390716
-2141577725
-1761147817
1764651445
-820791740
-1594947301
181726026
-208948261
954502684
-1664967870
673959442
1489271104
773748371
1493212720
1740867018
-337515367
909602287
657927947
-1502019488
136632670
1276697301
1870687191
1873933950
-1494648521
-516940513
-898803724
930450357
-1435780163
-1369620229
-1714925809
1111506610
-1330318299
1473681213
1247197532
-1865069869
-80851130
-1172526108
1023577280
63560070
894723677
1860824786
1861941386
-83161985
-647293648
-1017833478
-281557618
2054061762
-575437293
1131218141
-925183797
-43380347
794166377
92052434
2053355479
-1344485817
1514057139
1247781986
1971262404
-2091034504
1720598078
-304692735
1799341503
-400648102
219554252
-1975425761
43174351
338893748
-1241071748
2084421616
689465905
-991193097
1419316498
-1682257091
-1235278891
-1715856119
-863507189
2031566437
1540287412
192798245
-258106292
88536325
1110716715
515998698
1748667977
1540414884
-1848134680
-1883346315
-686351363
182553688
988406397
1379864820
-528320524
-1920973516
-1326182729
-1488527714
-1774439916
1115596005
-1387991714
-1626776017
-1755469591
-1910515521
896674708
260995634
1730864774
733354242
671521637
463580620
-482215265
-223113226
812895375
-2117584147
-1375115009
-795567295
2061012501
-1907891975
-310357449
-240818701
-21420980
2005785318
-828132628
-354361624
84385887
689540956
1247640064
1743696022
-348911363
-1468796775
532060033
-1514376685
1203137285
-652646936
-293730670
-812897080
2008141064
499585882
133880923
-1348762429
-812154103
-274838627
-1779854019
-1318360415
-1506526675
1406380409
1070209126
-1961223201
-1848584885
-1513361267
1707572661
-1468247470
168451038
737776187
-1766751195
546832199
-886287400
17003643
-31762582
1033110637
1058217421
-1444141686
260474022
251787703
1994758532
500742572
1678973055
-1285724301
1175998703
-754398868
-1860137587
1997376688
-2098399854
-369426025
-868662271
1057240374
1559561050
-679243999
-1935655522
-1302132789
-1440267063
-1143854121
-374251921
-47145980
-1430151905
-63050203
39681096
2133632387
625384712
321358898
-2066612133
-1416310264
1743867799
-1097009862
954246254
-22171983
1418429466
-22879746
850457751
-2002699484
-381704000
811053995
2065003043
385990800
-607333879
-1734372054
-1154067389
-635870775
2093140812
1551591054
-557277641
2113755529
-1385853550
822958124
-256974188
1482148124
-45863234
-202672814
83544765
1856959095
-1238563171
588731336
306283962
-1503627369
-100315139
388761348
485522620
1022116667
2139019472
849495639
1687791136
-1564022549
1205981143
1046255827
1524912148
977487159
-1658242164
1016933618
921358482
-2032060068
1168883052
-745763231
813540738
-782773943
-656890143
367513469
-1675691244
894308579
-442958415
-1901440296
946929188
-1476743327
803835569
-1778810412
306148096
-458068819
-1629748549
-179529186
-1987945373
2038421504
717774208
217210032
446348110
-1018130533
-769747206
1146407143
-1511055715
-238653562
-890974675
-669804639
1883368793
274609856
-1170020489
385009431
-1368779566
1494374900
853149301
-1279810637
1516903789
678562905
894992069
1195180706
1197587480
1228012182
-368120885
962659707
-25894675
2123623883
-402791871
1008647360
-1835116483
-226658348
-1067360517
1515155336
-31419345
-1896510399
-1743537901
476219139
-837268655
-1497286097
2015276419
-2046650512
-402616985
-2146518536
1780968778
439742448
767069693
351094104
673831188
