2133111588
1165418496
670827183
-1561769563
-1381398380
1746596811
1484901476
339680836
508255606
-1892613721
-1931618547
116777949
-1953028514
-1853452415
-1792363429
-1581160885
-533253834
901626239
1298186368
-345865531
-1459485981
1065960252
410653554
-1948017419
-636823241
-1243969150
-528837204
-1801525775
1152494772
389501051
263264214
1721041806
1842054734
1596915675
-1857004959
827477979
-1096396212
-841707088
1381111566
-74736888
-1454164188
-1338843936
250675149
-1471905974
-1957640045
41710711
131924638
1028046081
107342885
-2017733499
1593956938
-336356255
971214026
-1743170643
-1016286541
-987270512
-395943779
-1407956979
958036996
-45321672
-486951568
-2117913277
703194838
40427388
1272467693
1371656993
-1406731014
363187051
1643668256
1779697458
1254020637
582994010
-57915255
1226578356
702516000
-1782845349
-1289902637
1284066981
1939234503
-837205854
1144858406
-307166682
-1457024147
1460501686
1611511391
-1429643211
-1172007108
1264194884
-1679589939
1755894560
-2083850551
-78131179
1701661265
-200565063
-1079624243
672410083
939730666
1399712651
1191237711
-2035209641
-1208016448
1401429307
-694917876
-187070508
-549511886
-1674487799
3745274
-1175610991
-450671220
-1266589235
-418264157
411736076
280031777
2042243497
1803367273
94127172
496780820
-533637939
209890122
1118150196
-25123039
604690747
1644182846
1288753679
-447446607
-1575971655
953340052
-1754527528
2133865160
1582216343
-1037658481
1535803568
-1186152901
842389503
-2023296227
-1109104292
160280540
233228848
411698567
-1547252312
951754916
-1807876740
-854715700
762908509
-699387336
65056192
-10070603
-1247285043
-1024775806
651634991
2070251724
148498569
-637161152
1370618190
-2069895760
-1490874421
-2052233748
640799579
-731550004
1762635589
-1988354230
1726076771
2093485370
1018962429
1930874919
1509637734
497502034
1167586111
1051014870
1503218737
882188886
394143133
-1453584408
915324809
1667749578
131924789
732135740
-925582915
-255826876
1052989315
-369150062
492706336
-2069794032
-1327424656
-1962516054
696774636
-325745056
211019799
20377229
55319493
297080147
-360261754
2124587394
1969130240
-579744434
1913491883
-110917996
900258736
875288776
-51125881
1348664967
-1932800448
-1264793191
-1158785657
874789219
758837442
-1594070257
-1046926172
534731058
-2114437087
1441425398
-2102565923
701069205
-1410126394
-1545195153
-1833143887
-2106833290
-1481579784
1112580295
1139422102
973090381
-10651681
1512534979
46050133
71150410
-1306536287
2023596450
1120936347
261089980
1868647658
-1317590294
-1478732646
-537109220
1015704588
-1488207635
-897253285
-1324348824
-1666206322
165432135
-1440969355
1125905634
2025947247
1036051966
866793630
270273453
-867477389
25428197
-1751354392
-1536361658
842282516
-985878831
-1167876383
337429243
-1733599077
-1830813488
1178711562
-1892212428
-1743950044
-336858303
362484660
1084859465
1861636471
-889627050
1790455070
-1214490000
-1356512270
1456444993
1191096582
-1954710262
-1333844736
-460631213
658830361
-339050949
781198958
1119078453
-298694393
-1122940808
350159353
399164652
-378751599
149750261
-1072850159
728364943
2056981640
-158777502
1810540071
896446618
-960513118
1358061465
-1163177642
36103295
2069301490
-1308737519
1618860297
344960367
448527464
1998527710
-191468470
472702798
1916885286
-2063229285
1464517729
-82076215
1036832188
171310945
-214466701
1681852918
-1948866039
226950400
-2085592740
592769867
-906856158
162663044
-1256260985
-73829992
-1252481361
744302922
-1153222444
1593989449
-344418463
954313029
-2097947899
585032531
1929749913
-960644212
910663412
-1391564511
-1229200644
417286383
-24139046
-978502146
-929813115
-2022077174
730855842
-587822102
309943990
-2033707322
851764178
-1313582452
2111660904
32582205
-916673634
878030204
586957713
-264384272
1473206344
863315928
69789620
-762860406
1709048638
142215340
-733920319
-368317950
1689318608
-944837261
1709156694
1102646473
-567816910
-319141234
-1637596013
1806007684
1111399428
-220517564
-756351316
208869824
1663873123
-547832205
1597259589
1260132199
-818067645
1478084313
-825181792
1479278815
1646598918
-1413775995
-105502610
-1502498781
-233623120
1716204658
233930631
-1836020929
596687578
-1658208486
-570356346
-2025469741
-2145989850
232823982
-2118325728
-1212913416
-1474755379
-736203055
-463569112
-981692031
-1307921918
-684984057
-1091001008
1736864923
1437706181
-1195907910
2058918959
1161769902
1363644321
414342247
-807542318
-1647480247
-938153178
-2011768991
-146187242
189998736
-261884049
1519643197
-1514398584
1247721211
-625205099
-468716028
1444623413
-342598561
1541606300
-1537203703
-1621412573
-551612300
-1079868124
1601604474
221935330
-147889086
260022
-1904040765
-1072553419
-1030218745
-1627476991
628723027
1548055575
1401900437
1609628330
1407443264
-1550114344
-1966406843
-976526929
2061964045
403416463
-777017938
-1832418324
1880668303
-749149903
1214844011
617428760
-384418473
1295538450
1206970280
-1330685229
1128788098
-1958795130
-1864466205
-21785549
717540875
-1384766971
-420856235
-32394813
459011932
1419947954
-983144367
1723317604
-1518369248
29188114
752143150
1530397932
748975939
1803102407
468128551
602982276
-1569412063
-406192014
-9258674
1640627971
-288269501
-1601714923
119730254
-1761810947
361375297
-748240978
-757912376
-606226429
1457036222
-1544107958
-400517431
593891695
-1392623247
-83562967
-1260110798
911816730
-1609006464
-256713343
-1537940651
1578560260
957165209
-270443779
1624219843
-771838943
-218836722
-243321476
357920123
