-1383798449
1563337498
-2141460079
-1987441288
376132040
306202174
187265491
1881834267
-937342509
-221943125
-1381803362
809181983
-796762189
-1619399820
-2025457700
-1229368229
1303381040
1397448649
1026484252
1001770696
-57781145
-121090234
-607786943
-1892880308
706522786
2013912190
819851969
3635820
248034468
-647250905
1816154741
1995008585
-1833881392
520732081
1169393851
-2097291210
-496262683
-851987706
-234794332
350562396
1225401654
1178433509
1593032698
1995600487
-1133831117
-2136746145
-1017180542
-802882796
298574560
-1347019534
2028807430
-1491996606
-445120747
-545328401
-893598076
1840493576
1016532430
1073559013
-1276047631
-1468860769
-819167673
-797950600
-88251377
-1434719047
459183982
-578768226
2077671992
1523209186
-858121437
-1112696752
1354869737
2126200869
1827404052
-52714577
862414295
476658556
1181908224
-69167797
925391659
828087951
-1403768820
1322706277
-1563051537
-1569595608
518904353
-1619000562
-1427963898
-919419942
-606283207
-1662259350
94013291
-653569420
457774853
205381039
2128626006
16912459
1811478366
-155799247
1972087375
-585884644
180966729
-741360442
605085630
1722341239
-299579352
1992075729
-1539097652
821745294
-462934722
-1319032419
2000689882
-1646463618
-658932632
-1094848618
-644775031
1907403906
-1534400385
-1086298465
-185416130
1637370409
785001531
-1870007156
324147086
284438624
-304815795
1712993552
704802391
-32709652
-25634767
1529717339
-749636336
-614420433
-1038761233
-1577568483
783585471
152631323
50247982
-417576060
-192788008
-1910769667
1320361564
155531500
-233641445
792856003
-1406032830
65575969
-1477000167
448412657
1013169114
1428387602
-1776367066
1011614626
-532726878
-2054212013
335256429
-504691075
-940643470
-455346367
-1484192196
-811991682
-1240931239
-328013565
-2024283895
-1844812584
1914827186
-1895247639
-331877361
563380464
-1047447906
-1046588038
-757074841
465415260
564981466
1594912911
2122856131
-1261618883
-185534992
-1374208813
1169269650
-217867573
-157705732
-1867417151
547690889
1116343049
153815677
1984049530
114048451
816704436
-1682254937
-521464646
506774961
-320205492
1651172854
1484917647
549215246
145939325
-1270837769
1099830081
626625545
-906411083
-1596001895
-1884473333
484204316
280521673
1690614921
1513518764
1985031210
328922129
-612860564
503246040
833268167
25563283
-1936791521
-1498015309
-384177062
-1562819342
-995397210
2009608361
564932282
471511841
-2055000868
1516762262
1257942572
-157584475
1437660343
30019837
-558132162
397886400
-1325297061
-1463834695
591737406
-125782171
1507297439
1276748618
-813514803
-1170954212
2042145631
1637636470
1351376450
1237761151
-1188217811
1227975877
318596660
774841584
-1040840842
-909343521
-325522588
100752170
2119647175
-1206833874
-1293831220
381442326
-1587338488
-1873842833
1465294952
896605959
-1981148666
1925078844
1150142289
299770774
-93333224
897315081
-744100984
1444315985
934900555
562654353
1025117718
-1974254011
690955789
10740075
-1922845949
-1736094211
1306637221
-1394818863
351520644
-1303448002
-1014850523
368766139
-728493545
1454279000
1244364339
1329584790
-1225177141
-2035025383
-927593032
-994752327
1148416279
-1874973271
-788469383
-849010725
-1316945205
-232729376
1950121947
1959446178
1362179314
1896816143
-1376354295
-864515406
1944645100
1228488839
75676520
-1181576756
552886722
-214278036
-1207739118
-1895175842
1855496470
-1879166609
1703619002
-523209329
-1308793766
-1114947210
-1367343011
-993116927
682808060
372255275
1917143374
-1366013729
-478422697
1767546238
2108631072
962344229
1523884508
2067104377
-887898921
-717341172
-546795428
208648790
934409779
-121079096
1685477210
-936886380
207055289
285652740
2128689541
1072353855
1262958701
945579575
436945357
15760468
1063937517
1946280456
-680480980
-1545369110
1436456550
-546799051
1150521282
87044787
-1833980252
894961529
-1304597401
-1931189803
-2142909028
-1520591522
-451089967
1611303631
93213411
650329441
-1536946692
-207362316
-274467128
895995778
468900425
394650181
2051305443
-1776245702
908793554
787139672
1737809755
-505608963
-1426633788
642631974
1813872234
-2084611710
-445963483
-845444277
-2001031234
-564090136
-1159087672
1340424530
523248448
-227895471
171563518
1159429558
-82157913
-1914273598
-1543407248
22532368
521755250
2000806437
-815608580
219909027
-1290832688
1332852402
590557163
-1522250582
-628894744
-724877079
-2078344328
-1378554871
-1139376120
-1784832764
-1543908149
-642609003
-1118620561
-219756715
-2056500322
-877276241
-147351041
-1297163249
1937408883
329773858
1830848407
308546051
797918393
1598533095
604946329
980544271
-46371151
-801263077
-1302001993
-116261847
-2011641632
-1174488042
-2109263936
-1049074504
879451179
1434386874
-1842189095
784506753
-1859211370
-80209137
-444049413
-1550542835
-1950793038
1974542327
1467276457
306950437
-113447996
-429580902
1166525836
1447213392
2038954896
1155631649
885435888
513351015
276460577
1049332030
1392840556
287077437
1563896582
1450735103
-530687910
831840463
-30879353
-1137815154
-880168714
924922271
1426383810
1729230397
12718723
184767300
-1379117856
1924338462
697751207
431731178
-1887387812
223822553
1797107977
-1916235173
-2094877609
1534039852
957051211
-366592516
197033920
-1244271504
-1394040821
-937128949
-366861323
1558512897
1414314764
-1147116101
-871614895
1851426152
509543037
535317538
638615911
-428237291
439190778
-202701581
1385583772
-2038910049
-78589714
479692255
-844560133
-1257658184
-1074677295
-190922881
771902803
-509504344
-1002510680
