79045453
955647333
-381502177
-582627633
-1917343918
-1761788567
2113074796
-1448550552
-774311607
-1681711099
-2137170776
-839142270
278829211
-1977279329
-461254422
-382378840
894912084
-1278411619
-1695481556
1179616469
-893084348
1077765823
-1551588527
682556001
-1546741464
556612256
-1283698773
-2103333269
710559996
-834360928
1157682655
440280487
1764846929
1817915598
481780645
1735384429
187622426
680125785
-1308376099
-1844191796
-1310486031
757672574
850037994
996420790
367390865
345139175
-1984982395
1255904142
-1389133435
-456433086
1737686190
1960302455
-1252128910
2086413301
-1802521530
-1314383234
-235678009
526628162
2143176641
-1391882898
1086315999
1917926592
273276318
1456433875
1908885389
606622991
1863039141
373984346
13218402
1624529649
-1724284240
-1710781766
-1612397907
340712771
1469055935
1595804463
1646317948
2122334283
-685378014
813399353
2009719758
1099109984
-824538798
941881945
283246053
2042679365
-806117511
-251983385
-1094958006
94884039
31703916
-1329871979
660676957
-294670347
-1306052988
51072170
953670566
608512995
1746520408
210371653
683447507
-1405640263
389629661
424181805
-998884314
2123027307
1127291735
1736424492
-629515920
-976320827
1748350519
-938815191
1210604014
1532040652
-1923914187
516157532
1046530872
1118908540
-306608205
323903005
-963221457
681305642
-874555783
2060383226
-708809672
1704484446
-1298545206
-2014504137
-597181043
-545833380
-508594519
369534770
-682025714
-1316940299
-1683593744
98018698
-1876457561
-1836925021
34137204
-639594910
-1086523441
146530516
-278826074
-1517191120
1237411182
641054552
-1623923460
474332055
-526743290
2098566541
-1140295440
549191115
-151198715
1550239675
1777398217
1091782367
69140641
-1325955022
1056287594
-615998738
1007002303
-29403640
1185992194
-1399226726
-828431642
959032339
572611194
685886580
-2051074070
1669612374
-1874679769
-59971175
1183754892
1271194352
-813694385
1914868922
2101489888
-2002821594
-552021276
1836848962
-1888279619
1683616239
1190972323
-1208867399
803853447
-420362887
-237039579
-562916917
198696524
-701563773
-1457537519
504690536
-1518557141
-500524004
-1177149165
-462996330
207172236
177655742
1606803881
1892381197
798242658
63254708
-484096058
-977256118
111622989
1017053278
-1065523538
-760080720
-979230392
-1252348159
951441133
-906535699
-979689655
2099452917
-1272358840
-590405915
-1938461850
72743104
-1293984155
-1031442382
1584148927
-1413981641
1569576532
-568406809
1807537879
2111542117
964928736
1194065888
-1719406332
-1218823637
-181491962
33998954
-852648465
2063138500
-907746337
1930661644
-645914960
-1499006306
-1376156167
806341356
1461756429
-280619010
-84669851
730410991
1258879541
1624437643
2000019553
-1698920552
1335796091
1320790442
315929990
1046481650
-68667059
437913315
-1614574870
1699763972
-180817041
571886533
-1757405206
735392228
1038111567
1639882274
-1005539765
-676508017
98303358
1445211804
-133409138
-1862498709
1421017721
702648657
-905895259
-848610669
1864279951
1350345676
-334273079
-2042916426
484672497
-807843105
138873415
-842069623
1269389840
-98276201
-97425038
547160911
-1318655455
1116636129
-77265143
-1605694716
-242094231
-869484290
-147651834
1295863841
11656768
-270086005
-951439544
-978149101
93005489
-317046507
1408494741
509029152
-1746345210
11300947
2076437400
-1288767204
1755488135
-463673109
-1967631147
655185195
1067280562
-136185916
-1940928917
1240782721
-736605146
-808824941
52987390
-451552133
1173675714
1742736101
-1208176597
15801261
679520172
-390504334
1313232549
474525112
1279341785
156000726
-137429805
1478389861
1554426729
339066727
1497088478
-1478056514
-728175742
-470542240
1686944377
1000179613
-374639585
-357976998
1589191434
1200529088
2072512100
-153412081
974732768
1563366752
19884157
913721691
-843559553
201328236
-546369076
587088514
-487925038
-32458706
275599048
-86427898
1559701038
463408039
-398973434
487118130
1673423787
-2045825003
945900260
945732147
401324142
-1625609585
145696413
-1501033913
900168765
-647940993
-382201650
1553576152
-1194269135
-434815679
-1328076719
1167132825
1426784879
1147590446
763823475
-105381611
-1629570682
278839258
-774350313
1810515774
-63272836
-535394154
-957441112
1266083941
2022416300
-1715196251
-1771492363
261015097
-86208676
-637191222
-1509779001
-143029305
1811877623
666001246
416710841
-611964127
1233797848
-1425216630
1177479138
1700496459
-791006775
-701547672
453565930
-782068142
-671818951
-1254402337
885787505
1217982226
859730882
24195309
1769341426
87464892
1779134966
-793665634
518556863
386745150
-447665101
104471765
614450934
-1469873044
-1709283804
807407216
-605407791
1519701696
-824766288
-2137807212
-1918564156
1658018493
-720912140
-967021508
1503855723
265718036
257267647
1378234048
1314551570
-1476309254
-1259610162
-120510480
788431582
1703192400
702155431
-599008467
12989391
335179491
-1564000186
303085056
-1545971244
632168525
1947426766
-504545391
-1045595615
-1069435842
-2050050234
1933455107
578891050
1476370138
1777589192
-134236144
1701769161
1228055712
-1143160218
-656924184
1352986988
-187130238
1421314839
-455145246
-440084932
1743639470
1283198861
-1594248353
-1084246208
-1588836787
-900653295
-96806485
747884747
-427338834
539095464
-1444854341
-2021032292
1734054133
1223956546
-1634658387
1433272935
-1997208231
-1941304279
623954561
-1609767354
199368688
-774944442
2079026952
-1823810583
-1754156848
-1243463239
-1787397274
-1486078629
853810786
-691851342
-2120609344
1130941822
