-94633314
976799788
-1196559186
-957244862
-1279502605
-691583675
725104809
-682625152
1370315588
1928946349
1264673253
-634671286
149369625
-1110490527
-1698639077
345581939
586048207
619896492
1782414241
-1819272713
-1943217644
1053428636
302206677
-1612138235
-524601105
-1602206053
1936736025
730791438
1595789023
-379723201
-1509911550
-1466601476
-890385275
1276315590
1591573412
-694570076
-524834911
1996773384
1608719722
791954724
-1934657157
34250783
-788974919
-1036414630
501775761
-1845961091
9869594
-87521924
-72839900
371534876
-433049739
-211323099
-1638409271
-681873026
1349796311
-886140450
-811543635
1145705165
963313119
-1380471090
-382109516
1503195138
2136091045
2073822901
1702520274
1085490073
1392422860
1200432603
-411936858
-1917466632
-748464479
-1735836208
-1888496462
-569252866
-368081567
-1967900489
1404798600
54180797
-876544283
-252103850
1227801079
-845966217
-1642709509
1905825026
-56131867
-617099283
1100632153
-1451072304
2059667573
968195170
1175339677
1769734410
616037184
2130127864
-1960007042
-1689284432
-1002637233
-578772394
-605610930
-2028191587
2101350224
-363096309
-227057850
130020477
757015435
735046985
-2112836051
-1276907543
845100606
-287112616
-885693013
-1376109688
-727625488
2093718439
-310878115
-1158702667
709330754
1798942184
-1556044858
-1037674084
-1886613311
-116793245
1168448139
202171274
-853282490
-602344505
-571398104
-1044285426
-1853511460
572680558
-1489220658
1422652746
-216348113
1399774134
-255573407
-1730655994
-481889343
2051044461
-1765562357
-11896348
725190196
1631148190
257300486
408883165
-1014276606
857661885
1550938400
-1982310831
1644688743
1260846186
-1911294884
1572744173
-544306384
-1203641641
1039582394
-1945725539
-1010722564
1141360292
1876765404
-1072906096
-1052447390
-1190935767
-748805255
580670989
1989811486
-144643634
1560191181
910163054
-1358492701
830232887
1128903289
-2024606915
-1590377887
-654352884
-523570810
2103137314
-225100992
-716050470
833121427
-1810604229
1670211246
-1981991033
-724418469
345222455
1942694086
-1061150389
-1703480387
-54679409
-544945369
-502609909
1147566966
-325521108
1552293172
1068630704
1161032647
193127331
739478489
466270350
-192514742
-181584201
-1807956789
-1761807473
280363644
-2142906404
-341827172
-1321817690
-941795263
-1107362736
638813346
2069720080
1703621217
-1905757718
356826118
1520516780
-1137344540
826399306
-1944981671
-162222151
714486817
-538278053
-503701813
1480529975
-889550913
-587720168
-1466247066
708730773
1955517044
82970311
1256501226
1550666843
-1997632684
787866962
-156402583
1269553754
283383397
-440415400
-680993355
-845718626
-413266199
1143066878
-1661190663
391589511
773206518
1181572601
1848384831
-640522427
-87181586
-6217559
654050372
1671454117
1991967958
2001852488
-311325846
189913952
1241719725
-1041843079
-2020460924
-1523816460
-905108482
-1049739873
521768385
1461460036
1477896826
2126994905
1267224454
-1332145551
-480790
-1696696287
-1029991595
2127096110
1872490635
-1066339935
1727538739
116625380
-1506303444
-71120579
1309866792
2096970892
1981885557
-963835400
1191444864
921413268
-787912131
644603569
-796070896
854885426
958812332
-450360525
-134044960
-1439615527
-2008032600
1159006144
-1671518257
-222532839
1786268850
-1977406290
-824437811
306106278
-1796914593
1680790524
544530424
-1660418038
-272828840
-1851952229
-1594323802
-506822780
1720789431
18234171
1937899592
1088206891
143577453
2020389535
-2112880124
657702030
1456173724
433299483
-17156620
-234205051
-252161545
813922274
-2067963468
1549375590
-1871698495
343345000
-1579197676
1978277161
345491779
-1304021690
-1138677498
-498729513
-30638908
-1989356665
1548571582
1617387960
-1669880707
-7932468
907573238
-646253512
-612371213
821429343
1951402646
485707962
-1289309661
480005733
139176379
-1181012122
770533192
346146448
-991822036
893318350
561172254
-633873206
-466824285
778807528
-2111018570
1795566523
58474977
1140133174
-1522091188
88801359
-67976016
-1693785285
1078150851
-816417969
902972872
-1627693215
-29342284
271972272
1051762215
1735747954
81174081
-1151249706
823706128
1184777762
1394369720
-24471166
459886462
-1281876720
1808307378
385906675
-313968397
1499080012
907793889
-1449333549
-1143815694
-363193368
2078954354
1654375011
906148463
1016041514
-348153106
-505383915
1354119396
-437823128
876244665
-1010159846
-1182846581
613383707
1066116795
104164411
-814349295
478521175
-1430691526
-481810962
-2107831533
-786330662
-2028197262
1077112811
-1423782256
-1347258188
-1597399222
-387446862
1176120555
-1965847788
866336973
-838207328
753548436
1985983490
-90067017
-2013818632
-669373416
-685906082
1977626362
1773198623
-555384342
745279453
1748559605
-586953798
-146190418
892614607
1675020989
-1329180373
2051591827
1053965070
1662491338
-424543891
1870978191
-1065158562
-136131724
841812721
1601450872
1970183537
188276962
1147633137
130400240
1154382831
1406171955
-1923575710
93963123
1634358824
-1855770141
-829349960
-154506771
-2115090801
1240338848
18417333
-771098010
-888889672
-204244925
1265101292
-1886875216
1821659982
1716214400
-1620428156
849176454
63001285
-1989234287
112844298
-519472683
1160627764
705925357
-1090688842
1388490184
-1198371532
-923293392
1873574869
-894435939
1069180618
1871844311
-158264270
526525869
-743224393
-1044088837
41070074
187796421
1379440451
-1730087865
1561628659
-339861630
-1764921412
-1112220966
1007126603
-1861065037
1515083495
384681395
499807519
-190726410
-1822807931
-409064742
1917790121
2014748325
