-332750594
269486926
-914496286
-525494036
-1964496134
-40985898
-225283588
1204549918
-1468093624
-1771608691
-127643687
-2137482918
-2071130308
1272343103
899347294
472264312
-1258323355
309652007
1051162307
2063298236
-777925980
1105461436
-438989809
-494297989
228493242
-2033764556
-79742471
-1990183833
-274948708
-1374530628
1548160316
112267580
1176819601
-528975062
-805947719
2033206371
589585680
-724350594
902740726
-516664274
963191041
-1101514986
-1292602950
585712996
-1341832522
-1587786875
1466356798
-1648775710
-1663232371
1737782158
1573228499
-25704306
-903232580
-709124470
-83578926
-1113727846
1732552647
907486326
-1102042096
-1042438595
433159689
-432814290
1889185730
1525671650
1435266916
1606028193
1282905589
2079149144
-2112843006
-944727333
-1112690500
-165522976
243011793
632121141
-1889167392
753813208
962154002
-706975427
-2024833615
589517631
-1145250948
1551265437
1512446111
-615880660
-1612521609
472527047
-11134013
-1318527335
32154205
858596818
473958600
665816642
141902283
1788636947
416910391
447443720
1250413797
-1040044704
-1441172987
-1491988319
-329907514
-902576802
-1935606317
-839762106
-2080275600
1160001179
1554216432
-106637503
2116012962
-968560054
-1011345143
-365561431
779591021
2047037307
-1538193673
1676847236
1872681436
-1325380316
-2044522870
1871083401
-1966286367
-661782414
630222974
926814278
1164449266
535124571
-332829717
-1158396489
-1250286901
-822887939
-1853847528
-267836035
311334541
623460174
1455836986
-2010286956
738543184
-1575856125
630661556
503366290
1733115818
-665145207
-128275384
-46170300
264503728
-576910675
-600212904
979100065
761193116
479013255
-54156856
-1692114864
674461936
1380426351
-1594093418
-73495852
1506833351
-1104861825
-1881480596
752672126
560393242
1606875762
-109611465
-855034586
-2072906439
-1674566684
-963191161
-972918106
1192706013
536200564
1254756688
-446723183
455095161
-2133903416
-405254143
-736584360
-498590125
666409685
766002077
-1468310422
98003752
-1798679113
-1309735036
1232710081
1870751734
-751691751
578576927
-766944742
584897842
1763093706
1655690976
-1661607941
2024679584
-118940503
-906624761
1128092158
-696521084
1832311130
1342003123
-267888209
1678433135
-1033554441
-1785871105
-1712439151
-1287908717
641222570
2061347968
-644247793
-716273382
-238434270
-1016341870
348912657
-1841097787
-2048805538
-1161604310
1917601923
-1424725613
897946490
1202876689
-1128183474
1016709542
-572637372
-124382041
1514411819
867030168
1185851558
-209474581
442637307
-629124663
-803715689
275960933
10518835
-677839715
-1697377525
-703664811
-1025936145
2090895074
-712931787
-205856377
964149185
1510473446
1139110406
-750078569
780018186
-1529996202
59321870
-79607621
93497810
-1574096943
124416498
-865212659
1771132924
1557165991
1234393013
1361041732
-1304730727
-313162459
-1982684483
633309872
358039412
-607365978
1983296939
-39115415
2140252621
490845261
745409833
-819400954
-1779157414
573378266
587588855
512065132
522121607
-598828246
658383562
-678202432
-1192971263
20822255
-1542475037
-794467879
-625727466
1330195508
676261411
1601675667
-97659297
-1654797089
627893861
-2020296703
1197274368
-940940104
-1963581371
-252093833
-2006344913
332349442
-245008814
1704962755
-254975156
453928247
2106033348
1602625100
-183005333
1354068218
1686401740
418759919
1938930384
-1175318592
661113863
-763607400
-1783317335
-1160049720
-89815806
-426189914
1388540022
-780058925
-2022959167
2001354937
208304163
-1596338558
464079974
-652595667
1447578589
-1814454283
408797069
1396471411
-2141642930
1159378737
107894753
1195045902
-36876926
2112085291
-586956303
-1224569300
-1904710212
-165583196
-198515099
488754183
-918793003
-242583898
1891950543
-1938972225
1587315648
-1312535498
2140539492
1300065242
-1871872551
-1677980525
981972779
-513094900
-2127004155
-1410786712
1341802515
735837434
1020629059
-147733344
434238260
1379007704
1312454959
998334266
-919585275
480368192
1856768409
-1900322372
1484384561
649438119
711712913
-507744439
-397235555
-28878257
1279414670
-1708683344
-952952891
-551220668
-386185373
1042414208
-764624883
982255340
451029739
1438168283
683089886
-1928395339
1514887210
-1536770323
1153861196
2020098745
-1841039084
576802802
-1794278359
-843820213
1943853203
-1734646052
-1349221364
702248177
-1450058113
-1288485549
-242682226
549926278
60543512
-1842843056
-468489595
362254335
-1361962185
-857511021
-2126355477
26603834
-268217859
-1562045445
1703423901
1293552129
2129571668
1813743946
-1482812297
-1545034174
399351990
1824899835
586998323
-1190175742
-732841914
1797252944
-1629171270
1934630407
-2134798794
-494744193
-1010412944
-1077842059
1835109571
-1365138061
-1834104574
807134742
-1558537118
-2099528858
-1848966639
-1678233908
38426275
-1129518124
718920213
137540556
1956002528
1138542054
1902135149
861205927
-1786752660
-1271832520
-657717692
1792649144
-506787172
-810914568
1321313186
-1448577846
1606348385
-1994539645
1313187440
1437955467
-2114099891
-671675482
-2124289740
1048517213
-1239805710
1001488777
-61422275
-2003915176
827880461
-1972467668
835362737
-204152539
-345306584
2088305734
-490601250
2099816033
1989373738
1462943319
1620696959
-790640882
-1225711778
-1967249721
509972985
-312928183
234313265
600467624
1089108719
-876288538
774369200
362509180
-1903945514
-845224183
1888627300
-2011304328
689066998
-187377481
1856494066
1153556597
-725954350
1656065555
1397111319
-1963541122
315775949
590305955
1099292826
533228509
-2054386414
803469324
-1901686192
518542954
