-1494449728
-2110681449
-28341562
-246803500
1647299584
178522992
-225499687
-1700550904
845261570
-612390511
-72429772
-1592398335
-1214799481
1062723665
-652593357
1130375091
-29889992
-369842551
307754633
236749853
-671609145
-81485662
-1034627721
625198340
-1741625171
1063588297
-1123240593
-1917193607
1623662681
309144607
463387781
343432625
298536481
1686628797
-492712836
-675333292
1662050443
627923498
954885550
-920230803
-598442294
1243378361
-374459646
1458919959
-259003399
488900827
-430445630
-1767413719
2001300188
1332673063
1141876406
202717664
1148308729
-616834911
903336356
486616239
316151927
-881771554
749161214
-1187939439
-1193389345
-1228030691
1039609021
1182481436
13761837
1570904474
620144670
1321104248
178400739
-2135071924
-314517794
662815614
444374530
-1752623321
-1781111915
1135023394
-1863751945
1654102613
1010316028
-2054449122
-209324511
1784200224
1055269520
242476721
-1179041964
409183543
1257174545
-1387693670
624923597
-897483126
914328494
1654462428
1588506100
-1630926615
-450787574
1358817281
60268173
1875151923
1671683179
-1639797007
2058387736
-1118500529
-769971230
-643085991
-1488145733
-1912195162
334002691
-853369668
-717501210
235428939
634722661
659058628
-905372288
-2032726667
-888488844
2004540465
-1279498010
-1945420955
1793169090
-1589336404
-2006819382
1697466894
-1980787823
525571071
-889083255
-599962779
741286243
386098260
559128758
2136412822
1205153423
1197158658
696589092
683299547
1612187981
1044429286
-972810634
396348902
-932083778
-556564240
-1774050748
1755408907
661868152
-1823002485
1302835335
1450140693
1392066848
1841275287
19900694
653733944
907272901
73845956
1798224693
206711448
582478357
281887142
-946413261
-1628276911
1944650424
1888161615
1908129385
-1002422710
-1074774558
324713349
-1927080173
738276504
-496406332
-1593723426
-324394882
-360427
-1089400204
1364226990
672120561
-1387065257
-1402171232
-412709478
830093421
2029688729
-1231822983
-654255581
554079630
816037991
1656883199
1294174398
-535580364
1738610738
-1475125257
-594475186
409392478
-1217229787
900049490
-1012327685
-639770501
720828368
1185801033
973486646
-22405620
1216118457
-1116325805
-2091142127
-400277636
-1330451670
772866155
-1447684440
-1297764656
-252418324
509620375
676037080
-813261336
-121806909
1619500367
-1560702510
318230837
1744920297
1606554165
1698454922
-1303656325
-485917786
-1131270368
-1579581889
843985210
308290678
1098266128
1426558057
892193303
144695493
1069701026
-162863063
399076417
-887140032
-274615189
-1601448771
217204279
1274828069
-314183129
-1283086034
-1388717164
330851907
954216971
-1785363853
-2128812184
-1701896805
-245985522
-660763959
1313172914
2043737910
-815290620
-1257555856
490040638
-2110118754
1379761787
45217049
-289932915
226447958
-172936921
400389946
614642322
1996457845
-1187589400
783414196
-136557888
-596885882
1226025580
-1299751853
825651246
-1553466745
-1322079174
-1398107636
-2018058127
-559287877
-1400021073
193791582
-2091854511
1651051908
-445360083
38651788
205969319
-2029052465
417771005
735858911
-143897754
-1486834648
709812970
-1151598888
-628298426
665158333
-2083259873
947560330
-1765886494
1568575677
-1111617154
-936487183
2054785557
1440783728
-1785850365
-1511163907
-1257329768
-101317469
-1094031760
-290217696
969008509
304665750
585387321
1730886882
813713658
321732121
-1897062264
-1574743566
1500561603
611887873
-1174709114
-653056104
1426544277
600190804
-1682248543
-408469667
-553363775
-1586941317
-1048203187
1117717795
1276689440
1359234486
-459430488
-2005706573
2118375747
-835111519
-1715977248
-950995659
-548761940
-1163243207
-554625661
-928369989
-1435549867
-802729272
743934518
-1254805067
427473913
858000550
-70365570
-378295477
-98931227
1012664744
2042126040
1730391630
1620669061
-2130619297
-1568514572
-446954693
-1002623709
-1629257157
1980036477
47203024
1643345013
1204171685
-1322543097
-945574386
8167042
-1013816512
1485147761
-123847410
2109736790
677481637
-1217183381
-2065146461
1270125012
297224287
-667818014
1759548344
1024858916
-2136045606
1883142206
-148399528
1263720485
1766783450
1150118605
-432466136
615928064
1263742375
397080700
1750641519
-782830582
-2113192528
449446160
366044946
319464531
-1733991409
-721633427
-1234110419
909200449
546877584
-1762972482
-1237965022
-1136900522
-1588312269
-1034739431
821960987
-530099587
-1946716145
-1273062064
419922455
680669902
-516858315
727160633
-678136632
1354931798
-1742947804
-1554935494
1453876561
991593004
1887662090
1019882442
2030789408
-1580775868
-2069611916
1111741989
-1512605230
1352272409
89130051
344114853
-2092842734
217365617
-272369693
619811767
-1979536239
1794809877
514344201
2015236187
859872449
-972509844
1438485857
-1504053965
-2001497081
544026179
309474793
-1821286055
-1028189940
-505902554
631224590
-462159234
587465612
-386031086
852224301
-1776262941
-336596207
-1778508121
-1402181214
-434616485
291237407
-567054987
-1036067041
691275935
-255308916
-154078506
-1324069683
1747691534
-1860771849
-227612637
942019843
1996743369
-767924303
-2063458153
1914422532
504603271
-962587929
406098663
-1517131855
1578049943
1022809798
-1801208541
-439469624
2074483480
324198230
-1097916378
-1428507949
1406074144
561930299
1501129894
788038368
629822248
-386783125
-1927404559
1535796155
-1886591692
-1082725053
-806888775
1732265111
1230786696
134193928
-287812914
336030187
-34201681
-443332062
-1257036996
-280796653
1308786935
-53284973
-2101714694
-1919154363
200006793
-946092242
-750068592
