775427004
123599350
1094242599
-473622348
-1735204111
1127872273
-1088691053
386978709
1793087304
666506954
-202266306
-28493885
1724512411
-1750787599
703445729
1430289600
-1922668080
1474048604
816677969
133415967
-865919046
-644755907
243368014
-41659339
-882386928
-1143508648
2110059696
-737671093
1710975887
1430956518
-641281105
-1861073690
1093144184
1029803664
1243181968
1556500094
-369557001
423288569
-1487992952
1254935841
389419358
-1234878519
533234547
-1570848670
-1739407190
-525695314
1717259276
-923916894
-862834462
-863510150
1508742081
1857701784
-1950801334
-682948146
1412024524
-1963915627
1089260914
-1543810224
183200873
1596768711
702949702
797986039
2005319709
937099892
-1165024203
-1144178269
-1036506819
1381681294
1559419203
311841500
1193701417
1052603509
-514947800
-1044513961
-1828629208
1951559477
921329918
2065827010
-1516639383
-1261777188
56033187
1879490100
2116542054
1352705579
-777633364
-440443170
-231889447
-1479715879
-1161585584
-419344414
-911986098
246614291
-521304849
-1122471863
-1822963536
1372806127
-237125286
-794955773
453150446
1626810469
-1685731118
-1132376043
473616068
-120901944
-1391786761
331129150
806036682
1518593108
-192436576
2035821772
-1423363645
-694967174
-258270283
-971857294
250522627
642762198
475824900
-1001989113
-868608784
1172168292
-1850627060
-1905279761
1518690048
-1627835715
1036907898
-417227737
1258676440
-792662207
-408848696
-1919812164
-1920477390
437044541
1369662269
1636433510
-551105980
1023433880
606187423
-1683113366
-203503815
-946440112
-845825790
-661361923
1469317230
1953044528
-530756009
-439115008
-1352298744
1220916981
1249374820
-474207722
-1120339850
-181026693
-1136054111
2032860939
-1652859346
-475720744
1982081915
885374442
-1774286656
-1990965205
-23508485
-1839150578
-1780844120
1482863774
739166683
-1873913449
-2126258742
-1459592225
-1360195981
1033178863
-451176129
-363485038
-1414287967
-1532443717
590565241
150332480
644009170
-1803178246
335783707
1909639603
1983904348
664979131
961467415
-1920283831
-1017370534
608103404
-1891710625
-1717859014
471834634
-1720285001
549049394
-1583298517
787139257
474698358
-1200172244
-222274966
1880847987
-1206627987
1592261251
1067780862
1283303569
809825714
-2014592285
-1967334705
-1726351983
-1786616239
-162450459
436741182
-1146916527
1081399699
1932217967
-33761138
-68274542
47046791
-1670769800
1575362396
1048771153
-1871335391
-2025273764
2066159963
1884630714
-45022385
694164445
1399661876
-618544047
-1177738202
344211663
670007167
1954547085
-478488337
-511544258
61028053
1075711676
2056138094
-1296480975
-1198553646
133292434
-1419073660
1179415720
1083820479
2032679859
108740824
-291115695
1393749045
1574925533
-309218149
183235039
-1857572995
-637558990
-198245961
96248451
-533951879
-1880061719
1017313296
-442747973
1119756077
49525931
1748233006
-1798019249
-1694839827
349071426
2064927847
1749994087
-295895336
-1624020369
921445443
1849913986
-1356862706
1736008338
801499947
-227622321
1345874805
-1370248022
1845020929
1327793329
1908847311
1259679392
-648538379
-1366956834
1437825545
586490162
-1993250057
-968395856
-505380594
-451677245
-1071215134
-190631827
-1310384091
676333011
-623283319
928281883
-2023344497
1022305962
-615513634
1038800837
-397578397
661832843
-829049510
980325838
1685193282
-1112910053
622592713
1667921485
1093403831
1871784776
-623403241
-385141812
73581291
429922159
1666304379
-469127355
1350598925
-735187942
-1067580297
-301989691
573157668
895687388
95176695
201301446
754785489
-1846338799
387765422
-119902296
974846692
83699886
-1574344894
283098604
1269574032
-1185637054
-672440488
-400195918
1848586576
709244713
-946161275
682236834
1135524582
-1518084608
-1745598262
-229694044
-503248898
718697702
-1088574751
618556101
-509781900
-640691403
878600951
-1826143325
-10900764
-1995798553
-2099973079
425756394
-538623734
1398661354
560706703
-205555848
-693073089
-419656473
53028266
-1689380655
-918001681
1358556343
1762444239
683628256
-1930537161
-1096898535
-1821718637
285426362
2065193334
-347395096
-593880854
-1487474019
1897064585
-278642550
-958842926
888057803
-978150828
1884521982
70631848
1673206326
-807868501
-1007169208
766331773
1715548079
342590615
-1867622731
-1843752109
-83928767
-235552299
1848076807
1527220193
1265754399
-1349573049
-561441634
-1966718002
2111386175
1653934970
-1973435728
-946489386
1992117668
-1794747114
1312508811
-1477532345
-661876017
866043861
-1009521491
-1602142482
-234949656
-1744105069
1078991442
216249046
1274581311
1830022101
1746469720
907157716
1062414570
-1187160003
93934705
-600878418
-1682788187
-106239851
536604681
516733242
-1916971000
-24734629
1876629607
-2011391835
-1722386715
-474151667
-555123520
635712855
-1641771168
-1876933263
763902558
495725395
-1738378558
-90828412
-326332996
-1800127288
909242797
-435725991
2118616212
-332115344
-906456023
-1319531889
2040650676
-1231629502
-174275934
-1335453180
-435685945
-574000054
1644666655
-726282298
909121592
-516496915
1534367809
404907029
1381975092
701980963
-578663024
-2134857189
1169790508
-1271730842
97197567
-1496498255
1800318457
-1754019422
285702662
-814523376
-14750987
129207596
-464395105
701931085
1598685995
1904541360
679015158
-1302199904
366515664
337149060
46301910
478496537
-1726761476
-1826283975
-313814141
1606760894
-1146091074
-1334683182
-792609191
1935767205
-213905649
1249612742
-1439956833
920447917
-136011962
1332692268
-852909441
609659604
483209568
1043297664
-1090694915
681466798
-1987648636
