-180336973
1533779387
-934225022
517961788
657989825
-358786396
-1465920812
-2019576632
-1923779498
-1357267177
1892311603
1135937006
-786357135
-1695213622
2136810814
1178049334
776749068
-554911508
-245743692
-875448496
1000671664
1577788441
175251659
2121485730
1924368134
-205444756
-1131244792
1019881673
523360150
-154857044
-1681637316
185768257
489669778
1961272353
1405692372
1754954117
-735296575
-1807472931
-449490146
-717073325
-803566783
1900627216
-1133963218
-576280375
-217635793
-544202932
536521494
-2133223493
813502238
1643765713
1062237911
1480412608
-1309557910
-2115692727
-109931907
794430052
578003608
-1375982857
-579002470
64092953
1434083726
-1084217044
919538803
1402409991
1629647433
-1751010778
1263190017
-1642133656
-1465905532
-92418735
1969998338
-24424977
747144028
562875285
-1322919327
209700726
-2008606918
-12353661
-2105253209
1438626551
-263742541
-1588160013
2009257490
-1204086934
499566933
216881558
1767330046
-1876629927
-895383035
640509268
-768063998
-389316581
-1479883046
-1424395833
-107561502
-1716615055
-354085890
1624718073
157326087
-223740514
1405699653
1167908260
1436982841
1931525185
-1525432399
1152536732
-267047038
-625274464
614420299
-926111877
-1384317301
-1740026527
-221823378
717034276
1410865277
1714151975
1561979446
1817934111
327386733
-1887958754
-737902304
1806212164
-1364822057
1452320027
906703759
-1386055040
-2025532853
2079061562
1446479809
1285067361
1450687687
62533057
855179317
2010486328
342540232
2087009046
490488784
-634426760
-542167114
1195384947
649891623
-2111393404
1814545
-793710804
-688093639
1619231409
-1184541609
110956855
1461653346
1201541642
1370994791
-1858728318
1182709944
-1195501196
469709892
-736030994
660350172
-1246715721
20641758
1256964849
871410873
-1360627529
-833838280
-1626131650
-445649634
-1889991768
-1091859344
-537194181
-143578677
-717316490
-494230586
961635906
-1140521928
383354893
-1946278330
-181817144
-1514388232
1132112871
803938542
-595720832
-577773403
-462771206
-1268110498
-1642768003
-609693608
-812330940
376274540
-458733451
211422134
-1773392126
-1098832818
-334506600
-43411978
-648463221
124866322
-1709255804
-167978565
789227073
-1020144635
-1672134592
-958379317
1509116674
-918654683
-1731099383
1141921419
-1968857817
884196086
-360995947
1320831170
-2132529089
-547491792
-178547939
621684931
301271096
-641647599
-1453326120
540104105
-572609810
830210521
43248241
766299387
1752470185
679375165
-175853199
2140589542
-1993537802
-2070996424
854072902
-350665724
1182175937
-1409461365
-348477179
1710768819
-278807633
-1587880268
2092030336
-1029808059
2083506529
-427093661
1643186438
-94529363
-129980490
67271389
234058295
808744963
2146539150
748023330
-639307830
777965111
747552313
360651115
758233629
-324185259
234747208
-198175926
-1516527644
-1474572783
1999613349
-664236802
1126796077
-552277999
-391847756
-1825420206
2005734040
1330731811
-2049062371
-1687184126
298015917
2036353039
-2097472816
764541256
328675786
646972416
2115043288
-1449158242
946946527
-2048599723
-47487098
916584249
332727890
-1935406569
1546059177
-267066817
-2001724109
-1610395233
596907547
1831709941
1188853175
990191620
1991387219
-1034132861
173884309
1370563179
1010906012
-1842630298
1403285192
1469634142
1038212989
1265251725
-546665588
2069255484
-561660744
-1480753443
-890180107
-130462813
1124735901
123189462
-539791507
802791959
-1549657086
1717554934
-1229745255
946657237
4285824
437966964
-1733743092
-573589455
1528258636
-1308889009
-1944944237
-1575614203
71936077
1169159702
-898041711
2013976843
-656292168
233372003
1038896152
1671132325
-646948939
-650226443
-1806770302
118616440
1180321336
494437282
1813361620
-14770194
1318276022
-1093787888
1670249063
1000551187
-1525434574
949193199
-1464280522
1685188341
625903517
1313877769
-1161600484
1478236946
-809681994
-702297644
1187899452
1605337460
-686162161
-51036574
439612555
1115143978
1550279182
-1523802
-604672463
1994958721
-17452052
2028160982
-74806807
713486086
-2108875642
-332009823
1082012754
-432784064
1866879997
-489228324
-800738063
-914801680
1473652705
1506475290
-142703961
-270868732
-1334335741
-1551606750
644392985
-1424885753
-92887961
-1443094221
27893621
-849851328
418425529
669275583
-558741196
-1724927048
-728352520
1704617375
-1506021220
-1959358031
1470567210
-1043933838
857377533
-667700153
-11592354
-733273346
-1662373667
82573297
-1628475272
-160239302
-181078330
2092341373
1373249089
281946149
450020114
-407788066
64974441
1394988235
-1309191778
-1665362550
-43781872
1416111604
-969278142
-1355324668
-1846846338
-1393156285
2139806489
832977485
-1407523489
-514400943
-2142981144
-968937007
-362413297
1679382010
939391069
-403044402
215844540
-496084753
261792475
-65080582
978663309
853292756
-1809384232
-1106654119
524676890
-10632831
-1258867205
1184134826
579705446
1418611379
908386174
1078910194
-1744605711
-308808871
-1261115738
-1086586288
-902181069
-124171091
-855532233
-753612922
494917141
936072871
-1316886908
322256380
-354684759
-910267639
716403265
-1334467396
-1657013752
863689075
2069166169
-932990848
-516816512
-1291218692
1091530184
571181835
-863141752
1576673949
577726057
182678161
-1971638377
-1859047727
431461294
1694176763
-1023957723
-1658839480
-1762406499
939609984
-1676610171
-447965412
-421006879
-845339864
-1453265295
-486298565
-760682050
1988282490
-1432370699
-1437486199
-113775810
1871485698
-737662852
1143475805
-902931323
-1738446495
-1061854077
1382318561
897213911
-1806841401
