-955491360
1291892419
-1534684534
1294876512
-640741638
-1225512527
1484161419
1497432505
2138881016
1144419032
1230157556
-1773843407
-12976461
612482771
789738760
1793173862
-89694845
-549903042
-1234380199
-1806260975
1722833098
956429361
119690492
-1456567406
851276186
8469
-1313956879
1468701978
47731196
734184516
-1083396569
-1530218987
-2144372813
1045214937
-1413490456
256323927
-428715533
-1827039602
924779435
1706820732
-1634678962
595773542
23087702
-1464660575
-328398515
1722636645
1849774706
-461646739
371343090
-1942480395
1274127165
-664751776
2112681684
340490088
-1550188048
479282172
-1726692973
-446015803
-2019585094
704250335
925208431
-43459473
1916686450
418659631
517946249
784095657
1737434761
1539717808
480129411
153391316
1764421590
-654420103
-1292715267
905590218
1362408928
-135644696
2099988579
-1713296622
-1778036573
457414524
-1820524634
-242592882
312500634
829383817
-1708258980
983921851
817940755
299498393
-351625847
-1944056412
-422934732
-1523657699
-753102294
-1240498283
1979679475
1488847484
-1454938521
-1446446315
687499863
1551263114
-1589071014
1887846898
-1385197964
2123017164
724026226
1546827242
-1187800042
-95946007
-598875572
-1114482413
1573239802
-1406960547
1945612205
-1235529179
-276867650
-56523328
1545039061
-1989970300
-1993153212
622455818
1956741159
-1249472699
-1951325077
-673876029
679464094
1848824042
1170811627
-1841477663
1821635590
-2048912490
492994284
170074894
-493799221
2031341392
-2014438932
-433118445
-2139391982
-43870839
294271015
-381483593
487366514
-727527027
-1466469362
-1805336683
199947728
-1099709441
-442858804
-590155151
-2063217909
119930794
1648466593
1859150498
1560789778
-968092425
2062489509
-494929395
768241086
1305148907
1758497787
1613288584
-1351639050
554362362
691306329
1805272130
-1412064772
943413686
2050943355
1971900995
-2058085379
1502434477
707012041
984275353
-1606172746
1886349658
-1991680574
1871325495
-1869559826
-107990870
311969675
884453572
-62672176
1833771391
734370641
405944323
-534061121
-701205587
-1470027610
-141109934
1416667912
155673324
228637945
2073421786
27717006
1791803296
-562450972
-1144132800
878380901
556960286
55775389
1495718168
-217149043
965187123
-707134435
1988021128
-526442
-1665265725
-1877009286
-1563666789
-1191663275
1842828564
1353388509
-1359677118
1229393000
-2122324836
-211554219
-1667605704
-469431893
-1344333157
-1910867026
760705416
523514652
-474094027
1244700932
1910467883
-2055161875
2038849476
1106825625
2077241451
-1506557265
-184774619
-116301432
1691388606
1113269786
1269679414
94154537
412728493
-1143544416
-1849054694
1414282244
88869951
389864764
-1876619669
1431057625
-274322968
-396238644
-915833903
764359250
-1102984527
483955087
213088253
-588973733
321761372
-907518287
196753388
1585993979
860394935
1760867804
-976487138
2105188606
-1628667278
1919430197
-2140621990
-417548727
-1564440082
-1730266333
-168215739
51856206
212386040
-1441607072
1375784049
349444568
1265046409
-2064182436
-389504268
811818673
30824370
-332172915
-552101709
-792091706
-10889005
724851244
-2015570763
541212348
-2135301329
917517232
467290848
-85732138
-1164428161
1648931970
-1015830380
-1712587265
908001337
1921205568
-1336446227
1269626079
1278083933
-310007916
-1403194424
-1298601850
505628950
-1935387510
285194925
-2107176347
753978544
343502518
1790875759
-917646803
-1074154641
-725379638
545496011
-1884473496
1685378963
795978944
208105230
1222798987
-1098872417
-1861403659
-1816429604
886999900
1131802737
-2121023701
-2073818098
1376295655
1469659597
-1916907380
907448654
-1728151539
-920758638
-1870576847
-1595843027
575097086
-561262772
1432572075
1212361637
1192329261
268283695
-1115379756
470666393
1467065449
215037752
-645807677
1426087919
-91130221
71805784
-7859292
809653505
1298530432
1009019268
1626617128
1218746123
1550682028
-1135819678
192140249
-155467530
-1634676936
1659977914
1221231849
-2085382083
-790559909
42239331
1217624167
239355597
-1710083231
-1038058468
1341847860
2103419256
-286479210
1229262042
961310932
231367854
-1855649749
-569652881
267803866
540638666
-633667926
-2014894222
-1087131471
-1449515427
249319463
-1935579972
2087319590
-1264623086
1494327509
-665804306
-1040155723
290339069
-1412143394
-697219564
-76508747
-195226730
-2120742197
-1185804718
1047165823
1226538899
516744137
-1693199296
2108118868
-693524561
-1103430351
-1025427714
1852875327
-830562413
-2115235655
1724030140
679423554
1933041153
457106738
1409761083
-2012733420
159869709
-1486992837
-1075107961
-488123695
758614550
-1385477512
561627038
1577394040
-1188790123
-177783650
373784041
839597231
293481815
1165726563
153263113
606813404
-1347763077
1824708958
1470060100
-1318264740
1293873486
-257394520
906460597
-1368103083
-920655195
580379296
-1557910621
-2035838081
1056279403
-1561481330
-240462074
-178676627
2050018035
-1348376373
-914504466
-710487219
2086980910
414519443
-1998940832
1272888959
-830365817
-1406167083
1476146925
-1577124026
2106716110
327934270
1990196018
-915535774
-1306608484
2001237250
1738014307
211680161
309618564
-1135510493
-857921175
1078872858
1768731183
822904193
1708474742
-2027740027
-1756359488
-2088875289
-391649915
-569636008
-644774987
1975026406
-1365369243
-2061270108
2047062378
-455645659
658425518
-667111812
-1299715449
135215004
-119093560
-1195283462
-1143558068
-1320524030
-1788906551
751008013
649458330
-1396260784
138882864
582949168
1188057508
-1752743089
328124337
-172794592
1778749380
-1071934355
368731578
1032524583
