150111522
-548724689
799870638
-176530498
35098350
-1645518383
1748773431
1013374580
-1700112479
-1759174777
-1848451151
794237768
-1955936369
-996347064
-1628699104
-918781781
-2138686239
-460003145
-1931971187
-1873792546
-1453667136
-1079702495
1409413561
1691222559
-2011550436
-1985932037
1532107158
-1044726408
730145550
137844737
-1748151405
-1911245053
474186804
-516576207
-887105770
-1227855524
1023806819
2092566822
-639374541
-1406852149
728330734
-1757367194
-839766939
-1716179942
1367363495
246150409
1599894825
2011787147
1609324370
-1225552068
2113279186
-1610517878
1773670993
1519401928
653255273
210224883
-1037042887
-616189020
1061222742
1298195378
-11993736
-519556805
1637079282
351964126
73864917
-1721912685
1678021143
-495017105
869057243
1951271302
1131572525
-1166747086
532900238
-350710026
-1796577838
-1663174688
1090610223
1834721239
-2078843969
-674192346
616721531
1995295805
1296069911
1645968240
1704582394
-1592489250
1452355803
1161010914
69254554
-1617882333
-1180617032
-1654322928
943666836
1602266252
-1125804294
-970154228
-98323449
556215797
-2013734661
-19697075
-437931801
1722243953
-807962400
567432684
-536382775
-1199408338
-699411363
-919427010
-2129035076
1045433126
-1002886941
-1532724550
-1882600642
-306036134
1181725774
1929180152
1113235362
1277431383
41015258
-618357892
1865142597
-1770397853
-974860502
175790615
293356311
-1896922101
-2050538354
-1628027419
1141146686
-1249926505
974651246
-143441988
933504657
988174632
1516459205
63689359
1730290756
1892524071
1506790213
750250568
783387334
-926971675
-1154896038
1909648770
1569233649
1425720964
-1055453620
1289730760
963763027
-296578385
1098237588
-910921211
687800526
-1368230108
-1544806984
1952995610
1177610686
697524223
-291383446
589917739
412925283
790616776
812896614
-23101450
-800634243
1595407066
-2052496567
1435493085
-1747193563
1613938885
-1018419834
1927549200
525896259
2027973710
200223255
-1090624235
1494311080
-739508960
-1390232860
1835513287
588380581
-163452252
-1424845965
1250394499
-1933903820
641358172
1604251327
1232511030
-1840674857
-252207444
-158754637
976298280
-731880292
-1142845854
943449001
317069159
553808663
-42611417
1548871426
-238789115
-1624976362
1762368016
-1640215469
-1304361127
1455066238
392630909
-2107162400
1951267749
371875977
1874264296
2138380890
1453917925
1037380718
-1493201790
1191980052
1021923764
-965813053
-1048708637
1600865187
2048050046
-1804580382
1388416367
-1435455565
569462360
-181700384
-375468470
433312389
-818825632
1621061038
-476315041
-1480445091
1128560867
1341591827
-1114085074
-529881923
63349190
1560563586
1618818604
2082589894
-728674692
-2144278180
-1498467948
1674449963
-418511980
220028055
-1978355795
1779319802
1179032665
638352526
1373353342
730828835
2066225327
-615074202
-1743600949
1367085706
-1365816318
1682579639
1038094667
1664321455
739871578
589972729
498347189
-1367865930
761241098
857279298
159900865
1071363247
-543148245
-1112540363
-736182939
1714293456
270274132
-192827901
-676181517
2020894201
-718323444
-1572099688
-938463611
-817575374
1990274248
1663949512
1221294259
-224582626
823885615
-269110644
1169725465
-1691318485
-643118345
-1845418832
-206050455
357518587
-969237727
1006279861
1210249064
-1632556981
-75912475
523802865
1459788239
1273524516
-1341426324
1389630863
-2113559681
1537081928
-147381993
1914962632
-1321326537
-2098767968
-157565024
2124102583
-103896220
-1323406434
258300314
805002886
-1142635741
-1635077294
-929426560
-944586555
-1914261924
-314748567
2015766469
-1846763682
665002547
1152265239
-1531305778
545686798
-1572956572
2012060230
-730909576
651495234
853729671
2126323159
1303658620
-1413734250
2138544864
-751401033
-1344828758
1387600438
-1456667346
1094914588
-1061244511
-843833258
1867573833
-898747042
-1593041503
-991728466
873640004
331056662
-1983443480
1995790618
-830576288
977951479
502581481
1647270481
-131247938
-345917589
-1958915786
1825590478
2037625337
-1528864299
3356960
-1099729711
-1024753132
-565792316
-982202421
1130173250
-175692035
1893003712
1326922945
327388686
-2117094736
2053982685
-721822670
207154567
-125523210
1844785967
-1050058605
-474030244
-1171774077
-62286887
1968753392
-47997796
733341319
966078710
-1791245958
-155974489
-57434532
2063211391
512257942
-2052857563
113999229
-370871163
1709336639
-1385372185
629449501
-1065209718
-2042794423
494909188
678312336
1648523238
2069148128
-1605655212
335112452
1492374350
-2083509511
-357794507
-1476313091
-1573997346
-371468195
590954595
-614279167
716119093
2007733414
-315033180
1233015571
-1395785950
-689841442
-401787163
1154783073
-1824573911
-630481191
2003744930
-1095438204
297885853
1325799979
-1819928790
1392442761
-1278928816
1318291107
1585271275
-1846466756
1472393852
2066501682
-345688904
956232037
-1247151252
204043246
-479361442
990584605
-522245826
-1473781690
1190947333
1654164741
-751261030
126097483
1265115469
-144788151
-1373964403
-1668107269
-154649842
235590643
332149517
415783666
-1790334876
-776388845
-570895981
2061973949
230889038
-516175991
-1901964654
1179898577
-1188712332
1410188677
1786129264
-124803644
-44864295
208086261
1953211451
934279285
-2036904994
1491526755
-636369017
695901993
683446378
-1111026378
-1981766139
1768507598
1087212587
1787425758
-1992745217
-1962753378
-368663620
-66735447
744704174
-1581499356
53673620
-749364045
-1568179573
-1895140980
1031003950
-978219765
-2024974628
-765658197
1325782669
-1646224761
-1257087332
234078916
-1976010516
-771378344
1457729974
-1918634699
1673398232
