1551084679
629269359
-221867778
1040920832
575606584
136486304
-140425788
-1247917628
1484102398
-1706170709
-1824233115
-1628988951
1372905614
-1384064937
-2132110365
-485638982
-569734603
-524349688
-1954218157
734612900
863396512
-271403163
-1282243475
2041329696
-1122242069
1976555942
-1832822003
1993569139
964541630
474828402
-1844156870
438655630
-598373809
1030861143
1304935865
1863200428
-942457491
725650279
-2019182582
-924302352
-1491493310
-1642082384
1122829474
1436914025
-1063316001
-1300733355
1276627123
939754295
-529723069
-1206014485
-1207839650
-1566676269
219961271
985937530
-1421312106
-904670148
2011172765
-1124230816
781788556
1817830349
-597873802
-1664049482
85929513
1011148715
1824326324
-966428453
336797765
-591152285
511953538
-1893378344
1770495527
2004810912
868393561
1387963937
-1748072197
592585579
773596568
1856452069
-1407293274
-574750862
-1636631503
-1389357862
335602677
476996519
-1168525020
-1420669855
-312023209
-115379413
-156674932
-673444823
1737721189
-2136346135
-92398604
6781138
-1528521012
-1687403508
-1363632470
1410255217
-1382648113
1043982092
1368739187
-864428814
133777747
-1527284598
-926824290
-1805786562
-2063854099
65301385
-1846409237
-1672923375
-466916799
-1162485278
1725573211
525425655
-242692023
768080052
-962971451
1188675541
-262777090
149846784
1353735671
-1139069272
-682150388
-2051806972
1133972823
520778963
985388998
-747014583
654050290
362969100
-53502297
-1170127726
-1417247514
-2104287996
-745134472
-113882052
795355479
-546881205
209584415
-487494257
1357910542
1257526499
1425778128
1577622069
-264744020
-1185098710
-1765556122
-1862793020
-765048053
1177292961
539337578
-1144123964
1453683251
-232098916
476760777
-1128264955
-1870011987
1485818659
818875735
2076407141
-1025654167
-182719126
1444103102
-1541080320
1083373872
341686683
-183806205
1310794364
-1397873986
-270252200
-810584811
-1886158239
-1251969961
1656675126
1009633777
840462335
-1879358754
1362403767
1811412461
1248504754
-1670739594
-1062781080
-602433240
-1353871719
-179896258
-1308841461
972950523
-1374664422
1619399163
-1252996363
263332498
-1453026433
-1819560667
1575375354
2050913207
-1466729148
-663289218
-905811288
383005311
1826733046
-187314798
-2045109675
-1925463885
1461636997
-2043946855
-270164943
487545341
-385926638
1965005872
-431423240
1116513708
-50555331
1813528315
1470417738
-1508368699
-1240991832
1241374014
976197206
-722859795
1484239753
-905394663
-224566274
621832566
1731188316
1919172649
-625058376
-2096639763
-1559341381
-2048215568
-1188766097
-1623259343
224151436
-1084118786
-2001066076
370142998
513659663
-1451704247
1234061994
-1037409291
-1736547039
-544492483
834673267
1627843702
-1291761224
-2042243069
249331306
1934239202
-503592866
-1593588909
1229873852
1249425650
1814518752
-908403255
769492685
369065507
1858281167
1825135809
-490997030
-103054013
716783817
-851275560
730943
-1414311746
-1182541872
-1461367814
510065081
-2005437823
-356320533
-1111834963
965973572
-1159110943
1306348518
-1085224718
470436886
-1714750514
-1779587398
-1883980723
-2028744099
-489379538
-1604248454
2129920667
1830108536
-1541933001
-329464721
1270301433
1476521677
1392825662
2144511489
-1375336502
-349103015
70171964
-1441315321
-435162637
-1053237607
-1030765890
-1102499536
1865666128
612803004
-1914994450
7809143
-446403754
-336919836
-1601856885
-669427852
558470379
925689561
-754281617
-487870458
41107862
1514708998
218526316
-746620014
-1046449
-117254537
-394397123
-2032319903
-1238837343
635007916
-382713802
-525127408
-1027782337
-82718312
995700655
317752975
-1548832040
-1038936284
-2047521332
162878096
1275155672
1206209401
-2062342752
583911835
1138947474
-902094053
1291988785
1029267700
128456785
1643889322
-475023384
-2114340092
384350080
-449978655
-1561781787
-1558837145
-610149029
1093507198
-991783746
2093512107
859708443
933808942
372810841
121394292
-2024005433
894435784
-2022774621
-634357680
-1837719589
-1506144022
2113431555
1140927475
-240773799
643790435
520206869
-1460814588
-1137554523
-1255416696
1875255383
1455992696
-1762957771
1022049718
637827884
-1037224071
-1814870310
-174003872
-404051284
1814169921
255155420
901800335
1042897896
-228459652
833900000
1991146177
830893109
930043648
484722334
155835222
1742237682
1083556685
-2003054887
1927872902
-547950943
450742673
-901285880
-1882895574
1082592662
1334894171
114157854
19206806
-1775650595
-1113086962
581107016
-158930217
-2040577321
946291974
-875735367
-1956031963
671561054
-836762059
-386345185
-1785819039
1823344273
-1957339356
-581396565
-791193792
1802782816
-1044188126
-1772745654
1811357097
1012366715
-267412133
-503350021
1801565469
1859510458
-1999265631
-1609143857
-1054130616
1504220530
1697273587
1937913296
265053732
88014458
-1827892379
-503229635
315857691
-1209546477
47537718
-700709002
-622659077
-1915733450
-2138006766
-1657188278
-777017366
-1085361462
463346219
-1747251810
1817913238
1626320964
-407946180
-2009139285
804269462
1067702360
-1665906191
-762510158
-766524193
1799252603
223483815
-1920902816
-840834059
-114299751
1785033335
-2056574526
2064708976
-1595590922
-854955582
954150387
1839404450
62341606
412682130
-552117093
806721438
730413110
675994659
1365944061
1945292713
329966134
1767647405
-1577711267
-271993437
-1781041459
-459953055
-518223270
-938543260
1644970290
-209516883
-226333982
1909457361
-1687405319
499717322
76629048
-2123854944
-718483035
278721969
1511359288
489119330
-1716095457
-844477497
-1048259754
977443859
-1601881585
-633709049
1875955422
