-696497757
1685482043
-1533607455
1615992651
779031790
-1032954002
-796404266
-760952753
541171172
786705599
-414640309
-1087334351
-514428818
-1680301073
1516266607
1519605017
1544645171
1782452825
-1149652071
1523693893
-1264106763
1462947284
648595510
-1761790805
1293659752
1680471118
1358109340
-2072775495
1745828546
1745159723
-1471941025
-950496427
-821384368
603406564
374180225
1198350936
564657907
-990112303
-186575197
153917886
1448961712
-1942981307
1582217260
-1853376435
-1072156701
-942659227
1225673542
203782313
251397383
213489479
576224600
-68387712
1689119168
1317647205
629939636
-477246840
-448285131
1447116321
-190745981
-375515085
-928179988
2088201687
-1074983696
2000044203
-2049139332
-73075614
-793899402
1966693881
-1168117794
1282201721
-1727619083
-1435956947
1547540312
209334022
-791119522
391521981
-462172578
1752094329
106211054
-1043402705
1330938259
297619510
-1184839076
-213797611
1061863646
1501287433
1500157445
-1765007131
417513574
941288306
-1930908856
-1329842734
-1171549833
-1007685690
981303994
-1586070775
1553968153
-527767254
37630288
526828621
-147171810
-217649056
1815455723
1438569361
2120205588
1823030165
115165072
-1638869647
1807588375
994269053
956561997
1507111294
-1088863338
-1734370588
-1509696226
1990609862
-648396710
408815548
723851825
-1291695073
579466479
-1405781764
-1637218256
346224747
1173914414
1893123895
-1666685557
-1450962989
-2120815498
-764859269
-1529916147
-1627405212
-1580687485
-1305015082
1896921383
-1297274956
-134620882
444343128
1349369552
1401079550
889565159
-389344462
1797551786
-1293104130
-1512633349
566990509
1818148466
275187262
-1297288004
-558362807
-754011671
-1129845663
1737113208
-1011006873
839916494
516118324
-1817347987
-152610361
1995883016
1528503789
2079026676
-330084368
1279300359
-25271844
-427313966
83038767
1750759583
-1046070556
-1964639466
-1274178675
-999644084
1123808463
1963239518
-1744638968
663515035
-618706218
-1267569641
791365515
1826415536
-1652770458
-1467975661
-500077756
-1418976461
334830881
1897046402
-175760360
570004318
-823801949
50650836
707930055
2124684648
1061447703
-1123396356
1267816035
882513560
-1945226609
1948901585
-1198253335
-124547248
-554400413
-1736460200
230813966
2050428852
712159120
1815476379
1534243806
232371499
860250444
102112973
-2139417230
-185765904
-1850057555
538108350
1148865340
198771122
277516764
-439119310
-1085075740
1330078150
734327231
-1860474043
-538843131
-1509309395
1763245480
-1307009966
-888763390
-515711024
-589864062
520661915
-1335270684
-972410880
2021911094
-1027564807
1346164205
854305875
-880842762
-756605366
1980376820
-27035464
272926654
-457223752
512123294
-549829251
-1265342565
-44625572
1080984770
-2025372034
-1440670655
-121744781
-2035038387
-2038694658
537873395
158847080
-105626253
-915676080
95070457
-2091319735
45146564
1214267267
-192326829
-2056295396
-1571273263
1459344078
1190912042
584877610
1177840605
-1371120813
-1623506835
1859567611
1821549613
-1113096994
1467823088
703161537
-689465700
-739578435
181496545
1029804311
1468558076
1012403661
1440096647
-1062967095
-933587137
479284971
-1352453118
-957719809
1989256916
373124443
-1440995303
-1327651853
-1942872512
838459998
-47122331
-1994614121
1261882476
-1148390022
-336052081
1360432172
-1678694707
198758663
644086906
1681515504
-1032478416
250988680
-1694823494
-413951092
-1670855542
-82368088
330656435
1954291355
-818997321
-1796247968
1978160363
356133101
-462309873
-398582443
683234679
-315723997
-2074520912
-2057608115
2041281847
-123912013
-1828177924
-412424020
-225136563
-866384429
1698091598
-393523783
-1577274662
1995732644
239415174
752726797
-1399980095
-1884812411
2064152142
1319243916
1049170840
-1991745706
219980975
600630802
-1037834766
1471788791
-365608804
1845219277
1568362603
428835535
-1834585153
-1959700737
1923206529
-820683656
-1315143784
-374775432
1264508304
1699604065
12522131
-409756334
-1264732343
1485670200
886543060
1289966973
1544669824
-1170234170
-146626776
999593685
-512410611
2120594466
1915796
-1405073623
1536203587
461228804
-1766423134
-1520856893
-1126210164
-1516009246
-1632846964
-1142683320
971897938
987922971
-1384469051
1163650855
-2078296827
1147905068
-1611157295
704479389
34622938
981889223
2125247479
2124459214
-1840312363
-984552692
1818909135
1816584611
-1931731497
1849430525
-48172177
-899343574
1628534824
123896677
527167852
1345729255
-2068318157
1535333814
-1396756074
1532407704
-1476779046
-51409855
1390741933
299326715
897376001
-646579191
1330447195
1430638892
-157694638
1746195435
1245985864
6067305
589061929
-827596822
-1444026232
1471208726
-1912164802
-1673697263
-1574568546
-1744446518
-534062994
-1496369802
-378527120
313688755
-1304173382
-1632940215
-1692326118
-248153288
1371946895
886477179
-1140016479
921365207
249487252
1487368845
760271035
-584482577
1881792084
1866791764
-96523039
447018053
743669339
-1381768631
-222501321
1373966370
-671070331
1733075226
-758959315
-692943576
793266619
1859036083
1784062793
-1781600023
1893740137
-1431233472
85322362
-78875590
-1536400375
500888549
-1640004685
-457466908
-1691169518
-1094763527
-1408044892
-938209442
-1186782444
885335989
1132535290
934783965
-1625375835
-2092027792
-495287636
1419475915
1237402445
113514442
37793769
-1044354019
1214164410
704730687
427794555
-130989110
172508251
-1787566441
19666760
-1082951672
1422175163
1476996906
1082661156
-1796634596
-2086574936
-1706049707
111445657
-827736114
71719520
-1241024491
-675519211
-1288664649
1450251300
1470655755
