-1184926202
-989747365
-760553455
59554993
-1188170249
1922588061
403832066
295361659
1549988142
-2045722730
439538146
998998520
158290992
-560398634
-1141894758
-1066269676
760051874
1663530696
1405990292
-46403439
-1077503074
-1735911540
-259248256
-1956653421
218992027
965688956
-1197504723
1577104832
-717703741
-1233305906
-1227434829
1646110835
-710787353
-2127469836
1491064350
2088945912
-1082974972
-361232128
-525893096
-825763750
-2020204262
-2056863989
-775916432
29760084
-368071552
933238793
-211567993
-1241317066
-662743632
-421278215
-2080750527
-1581046040
-1698737658
-1945076475
-59551900
410339284
429977526
-1898538499
858926329
-237935024
-492866415
394973186
-736774241
-1887504921
1920903802
1235889086
337869459
-617183458
-732117445
-243203786
396407517
824886981
-2075465205
1780849091
1807153753
1930276712
-868964477
-35407022
-846143364
-1304490890
2017700894
-1877196007
1269403269
358325207
1201163952
-1240296141
-1667509875
1285672587
-504882355
29769976
1708770591
813562015
-1363628923
-339637536
-195676824
1381338678
-1564198247
-783235488
-909841255
-2106739264
-954793118
831158738
-1698706773
-775585224
1313878376
-429689341
-517026318
2107863166
805714377
123784802
307881388
392090417
1286181795
-302965623
-85726986
-1845857979
1028645896
723699366
2109671637
-1645045316
-2144993401
1532976782
1232058837
1451344939
246382630
-898272054
843565799
-540529964
801892511
718389980
833281201
1020987791
309088731
-1266303539
1342503533
-246651064
1849750151
-1809210661
1353129049
-918394195
-1698118679
419933401
278293776
-1838969434
970287313
-1101552756
122967317
615668374
1160227438
713277909
1880886379
938197917
1671398804
-1444728744
-407032079
1907182524
-1746173863
-1522413003
-1700678065
-2049271057
256596856
-1551892159
-1650356828
-1657792485
1258022709
1764148039
99061806
-1620661245
-501597344
-1943840572
947617207
1739028550
-1332661895
-1606113500
740296334
-799945667
-877921886
-1683286524
-816610983
1791458044
115226137
670078969
-304670756
1947615797
-845691470
-326991439
39142146
1508886961
-423876104
206529674
1929519538
-854360544
61253351
1506482033
-230094843
-962703009
1761892029
-351438541
1957805289
1556207786
979740348
508688428
-2001975227
-115378005
-676447900
-1410982587
-728914051
-1614777776
-1577768216
-1064561261
1392075504
-1460323585
13155171
624007055
-1132017078
1466012954
1617060943
-1694025933
569310798
1137209145
-34156622
-577800076
-1379766273
1198543906
-467454966
2102164432
-1947491154
-1207888184
462674859
-49553880
-1086704695
-1464623602
-1731476246
1831201522
521608616
-2105239386
1968723232
-1173578656
-771363668
-1030027746
1778426825
707783012
597862568
-1711701910
131517406
-1971003131
-25597499
1852459477
-807368163
-247295057
958974617
-1287989069
-1064100403
1506577269
-2092410695
-954190681
-821382316
422032822
-73561310
-1604681817
-1328565425
-311191950
1013863092
588553533
-1440361595
-149437893
758234448
-905190204
2104650245
1733649718
-611265623
-1619844662
618648905
576594720
1113344906
1654238216
809948780
-1773419487
1058939251
535012274
-974916833
-114504622
-937192900
-1860588444
1491599722
2132424219
-977551526
-564662123
-620246288
-1930436310
1430188929
-553799117
-330367733
838342105
-872738659
925957515
-1526514381
1408813418
752163429
676015774
656740722
-1802271939
715153965
-1862880454
1650938674
-1302461788
1135078404
55509499
244831736
-1255623013
-1306963910
-1377113867
-1768209770
309535859
1371100321
-1110498025
537558918
-1148974537
-116895698
-634143259
166866922
354142208
264291835
1706845798
783811959
1721499058
-484305626
931458298
1363312671
-465981596
-408423272
940599585
717030726
-1183226953
2134765077
1779124345
-928630404
-175190217
-475554767
-1995105100
635494259
1290967912
220965424
1124616279
524139129
-1927239775
1858500082
-1192312014
354317004
-1283579431
-2140457717
1371565985
760029877
-1421814432
1562859849
235871329
-1508258452
-2114126228
-1338955187
-515044848
-1798254883
-1212023928
-864655514
-1389717390
1370914129
-735537545
1068418144
-1995104151
269049685
-225136023
-501852813
-1572753565
-2085859161
-328618493
-964402658
-536086722
1284786031
-1826239894
-26832378
-464306109
-721864339
1656970117
-850152817
281779049
-1621010372
801149860
-106900322
763222821
-1869725847
1138310869
-831727730
690499747
-368488322
-1222758396
-1246077810
2091471877
126335622
156511650
939698
410289464
-26588862
1823231849
-1966561096
-606796354
650239139
-1067749937
558540037
968505670
-665593153
2140810848
2110412985
1436052163
-915165190
826470020
-446565508
-1976273010
-1795193141
-1704774715
424649071
1999315270
1742190298
-605553826
-1247481046
1387367474
-1575511979
756672291
1000553440
-1238752387
-1674976911
-1719570564
-604691264
1904861303
-191678029
1352106222
-1780035738
-311071915
1311074324
-2061589694
-310163954
1701186756
-1079536579
-1198778784
-1098076796
-1490566684
-923800752
303908889
967914664
-1270216604
-168911354
-1362260075
261631839
1727655624
-324967879
736730251
-87773393
-1524638862
1371128585
1654019272
-681443925
-391664121
-1823281351
-1739780338
1417523696
-2132495602
-964293564
-571606766
1236450591
117955333
-6176186
896520275
845285001
1668052400
1484290433
1961717401
-1537353349
-1844416879
90438399
1964373595
1867539258
-724854661
-1224342727
1381022913
1601304828
1315777451
-302794711
-608411481
1656628073
1917507697
-847203836
1222411724
-494247724
2032309373
304209061
272880662
217188589
-1346325785
-1322713364
-1049717539
17024665
-1776845706
1068865022
