-1120459160
-374609919
-1929890062
823015674
-515974743
2085598367
1169933715
-988205838
780682098
1318395099
-824925676
-444830451
1373978254
-252151476
1788855827
-1749752912
-1350316934
2146909621
610393652
-1556232211
839636877
-2064528295
-472890164
39283664
1433086038
-1126345888
-2137145350
-1237949109
1355947290
-515538321
-395794243
2102508288
-1823624820
80092340
1466748830
-1601184591
1619235496
718546636
1227858463
-267450984
1766614404
-861932803
-368473553
-1906532036
-1955030678
-1874923056
-991686991
-712144668
1710269108
-20359715
826245044
2032864785
-1720703986
-224399406
-532883882
188230326
-1850872175
489291824
1460522412
5616796
-853973722
1586579022
-724042889
264629134
-1376075493
-867930139
-1038899445
-1793980811
886592952
1660328562
66608973
-1345352884
-1745673786
-1501989041
-1900361574
-1832126451
-1503353383
-1147380505
-1123592478
2002864363
-742159671
1483214590
-204254594
1611117695
-1217129973
-575731933
-1647407733
1814923777
-709454602
274889180
249756759
1804044156
-1315422824
-1028476904
-1680449816
-1329625491
1734030241
-281073687
-1782731497
-785631067
887640743
-1300107995
-1082720202
-614022662
931614058
-27889904
1650057557
-912068868
613813551
-1034010666
732277633
-974642745
-1382997559
-1406993662
69024255
-1663133213
-1355963738
1288891418
1449642704
594105675
-877955134
1901233127
353923384
-343593457
-718241641
-1851977022
-1164358074
-853670935
2062305772
254215392
1654080642
974360079
-546982575
-1729321260
-400581184
-1436805443
-1505829588
1560934942
216197592
-1185041485
1005628922
1046447334
-1791018126
322361658
2138747027
1554705176
-56032021
334028482
-1946236980
-619678095
-1533293164
-61466781
1509123724
1393968706
601317515
-1525876139
1418342006
1491201448
777878037
-716498984
1505149203
962354514
3183407
894354840
1854027225
-583415957
586273442
434595338
-230929463
1037162505
-1616327271
-1889236872
-339986399
-1417649329
322682828
1850089621
16282414
252983639
-477225273
-1274237549
1070834477
-1030409434
929567795
-1979907871
396189810
-1768018
-1962889666
684491817
-2136981849
-980279250
-1108943996
-308844131
1053055562
1743654129
1739402536
-707236252
1366775497
-1321264310
-1346109646
1400645486
693364798
643958662
1407671845
-450701731
977189399
-1395105917
1536421271
81745191
26216381
-1794282948
-42615086
234300699
1894202504
1557523440
317750934
-1774144426
1057510009
1970817016
1104168311
1634941704
1893635135
-853196606
1843784566
-2107194536
-407441892
-16044377
859767596
1513669405
1950550514
202198383
989041095
888217533
161948471
135551455
-1945371303
-1811922519
-371468575
-25480866
1094063820
783566379
1614098679
1020226225
-529447521
886595098
1970168242
-1681042375
1032167732
-312154454
695429809
-2110333178
913041919
2097962014
696978129
-845016737
1576553533
581496596
-1191351570
-334176184
364195691
-2061529755
1485996247
-1932196421
-1022988830
-1972280706
-862443971
-171097399
-1515712807
365127522
61608373
-1051982388
-257794570
1567570581
811000164
-1823388762
1255181432
1456563829
1611932117
1506942582
883289422
650338930
-1255407674
1330343886
1013585100
-1703828702
-1230178176
-64336676
441419659
1854865482
849335674
-1409482268
-525408161
32684870
423734962
-2029324884
512479156
-250464578
376774306
-1013147469
-710408032
-2030110972
689390096
1697066992
299964060
793403661
144405072
-1799273402
-646036981
-1386794769
1589787313
-1793791194
-1688724535
313701510
-1809932053
78105817
-421103771
-758084957
-1331294084
-726294676
1830817162
813128002
-507018461
-506725047
-1322949530
-1585198936
976536045
-1625207454
1052543967
1583183192
1494071047
-1619765446
-1749111697
-1418623389
-1147071811
864919539
-1124249832
-2058428927
-1142903068
-781003609
7269943
-1157903524
-257540337
2096910271
-1338653956
-425768288
-1165484230
1144897271
156982238
1629719894
-880856539
-1177742475
213282300
-1317050456
-1271552807
1123265420
-1633981625
-2038910694
287910387
-249030004
-580243297
-1716799151
-1618768762
1444057299
1840516824
996128656
-1050380878
-294036407
121232399
-1780915412
-1237114137
1670497781
-2127233540
1175786000
-1794621532
836863936
1101310351
-2095240919
-1911522371
608866784
-1211575216
-1581152057
-70269829
-1324531286
1839672628
-205924269
845715995
-2034801803
1145205344
-1114566524
-757546424
-1644220020
1789119816
-613403079
-2123415274
1743113072
-1355205960
1731385820
1245230257
277755139
1118229929
-359596728
82540249
-1251477167
1727048645
372729476
-1624754495
-611799795
-1653968211
277080996
1599786961
1599512647
189009515
-138027438
-166456969
-558775278
2033749074
999102209
204923120
854945932
-1563601793
217959317
-274995379
130161833
-1604603282
2025507786
927315800
1367569301
-1330045480
1490481902
-2037719675
-1379191293
-1212946731
-1864334660
-584043165
-1806374574
517675421
534800213
1097638042
1333778842
308050009
1380445727
381526785
1392707284
-186188663
609720751
640326214
588971212
1935082942
-2132307895
1232951562
1605792195
2023945908
-1171783906
-1962637384
1777701706
758901938
1582041852
765817850
1082693452
660958298
-464378254
1868590232
-1164324356
1704284048
936764858
1774209267
169439966
-546949794
289813991
-550406820
-899018819
-40186535
721635336
198445449
-379780626
-643321443
-889518698
-1683269619
-577189021
-1522815611
-2067893111
-529229515
-1202816426
-2051346861
972184069
-1360968616
1679696005
-729089750
-223841663
-2109328099
1400988235
88286841
-756547781
-1692626293
-1426463143
-1461087778
-459860263
-803162797
-1230901678
251779021
1970971588
1526073970
