-738273298
-861151814
-1301288602
1761113972
-129881166
2074426615
-6380503
-2123400179
804473785
-659976631
91819211
684196971
-2068734172
-2100215080
-1271991792
-761092193
1337503886
-179829213
733428497
-749127763
-1543144115
-9328959
1377056307
356461360
-1791940792
2147230350
-1573053109
-103383703
-219868904
-108547957
197216428
256043105
-1584220220
-874894803
-1927989155
-408589026
-1023351266
1637180156
-200280290
1949493554
1046111400
-1928516762
-838770580
881144544
-543759634
1557307809
-2043215236
-1247219504
1868743011
1437856149
-210186600
-425753344
-731830591
58904255
-409021752
-1225121359
-22087324
-1034842081
2033051694
867777969
77830060
-1421498280
571969404
1465310610
-49978264
-986993606
898481133
-951054838
-2142833115
2053090123
-2077444573
-1845480620
960347148
-1949633230
1070431846
1665287059
-517733083
-694252963
210917561
-644363529
718958030
-681023747
-193865528
-1782469935
-395063376
-842536114
-1295411498
173795754
-1150090879
-987854264
-1261521309
258144349
-1967672840
-1932534860
-1569569724
2022174488
-460263663
-1797915704
1725680573
1804173924
-465681235
1355915940
-840599550
-554191019
-124211587
-1818211559
-1254393373
1110699728
-1824309617
-1386009940
882686689
-1956168126
-573650762
1853178948
532603976
760014565
-1650762062
1883221434
1119133310
1390231224
1303823340
-713718828
-1563748911
641776887
1551514575
1891621166
1234911470
11233661
-1126175424
-152636352
280791703
2010444598
2147291201
1016696848
-15757688
509580064
-225428964
1802455529
1458753889
20712678
-1620802580
-272433382
-1454600607
-814281019
-1939495454
-1985842350
-122303084
-1490234330
1859607457
-1436136521
-388450246
-1409385069
1384722879
192222520
1088170549
1143767536
493948364
667917877
1280915437
-1079136663
-1056866488
148003343
-492573199
1240931682
71378520
78052693
681570252
-414735375
-1351091548
-1747100465
930028667
-332868449
-664463798
2089389846
657654205
-250470070
577511363
-441127543
2078390762
-1878439992
1193418261
-480569819
74135681
-223680354
530074442
99893262
-2015892390
644938263
2144324687
-465186561
-96186876
-1405239052
-965088160
33374750
-1740654679
528055657
-1885653675
-752601268
358950412
-768430635
1822656530
-1668086192
1962149597
837515151
1809500353
2136592573
-95351414
659519787
887437929
1480959631
1257723225
1089640012
1350379075
160907000
-1564729999
969313111
-2075060304
1486828705
1284370416
-1904977261
1822095159
850068886
554617181
1394901114
-840499445
1259422610
-859368804
-889750963
1270888186
769516871
1169956714
1669497384
-865917757
-443661815
903391871
-145019719
-1742313451
-716295924
-506483873
-260980985
1607929944
-606581402
-1687393659
-837178327
-439594849
314577192
-741798811
895296581
-2125293411
-779299028
1969853383
770416780
1254546371
341427138
-130599330
1837660087
-864207960
1522475043
115975451
-1552669496
-2057566638
-91671267
1214646704
-1687577433
871735019
1376138363
-338033327
237984004
1920339557
-1704627255
-1006647918
1482691840
-1017617977
-1033848706
-30474353
589186861
-228559905
-212250041
-1798615145
792368516
823638134
-491047622
-694808253
-1117039121
37256551
1518263275
874268748
1608956077
-37153110
-1393639955
-638317320
-307515528
-235626912
-1053560150
979882029
528748172
-1236444229
-1679261239
366065907
1709508546
-1401676479
216586080
-1502353320
-986268080
-1065864337
-185943678
399297
-2064149330
-4988535
-271980583
2055929403
1382407409
-1530729072
-1408651465
627805716
1419250803
1807420874
868360202
-693108064
1246235153
1989630136
1518357699
-577199062
707134793
-32407507
1015891616
-1987976122
630858471
-1500375639
698202555
333333999
1832675514
-235549617
1384967234
-2135173605
2060950908
-1679540540
-999231555
1450666023
847132671
-672668421
23578118
1900333915
406529947
938347197
150322248
870250264
1644901530
781948991
548700226
-1124618286
-1251388471
-687459246
101802076
825380985
71526048
1993340474
774863511
1598589679
-174445481
92772789
-301622610
622140442
-2040742610
374013148
-818199764
101479248
-1677259482
-303562228
-1657548035
2143455121
2136952658
847382764
-1721105737
1262816698
-687645505
-1054876153
-1433481076
-1758897365
-1502954593
-1245018827
-938673193
1431452850
-1900856126
-277781608
-510687960
-916267236
534220961
-33779834
1320428104
-865762230
-1136060918
7570652
-1689006623
-183616466
1209210937
895873943
669865332
1116006624
-1570464347
2114576947
1850105769
171337038
-1163885803
1777086858
-2073991785
-1638361692
255336218
1595955459
958819238
-1738926054
806147138
-332694257
-924789195
-2031355631
1665821731
711190381
-2018529303
-1193381238
-418754750
1206275381
-2131142485
52361490
258229461
1567924190
-1453032752
-74264794
12101930
864742410
1722822764
287482468
-1610979562
601337753
-1393255191
-510843992
1276032185
783332544
1316263190
46131251
-1899598344
-573605452
-675403997
-1299996648
1743882127
-1798316785
932375081
-1569469465
788196104
981612947
549086735
32783974
1763334113
807508238
566769208
-1298584942
-96216884
1731417530
689102340
-2142128948
687324957
-55855597
-33098640
-1814726788
-1105088607
-1726398877
1137413552
1119570495
-48827069
-1548303708
298270118
2116419349
302908
521718768
-1782172921
-1833758132
-879928636
1631663080
585343875
-2114705860
1858181959
-2127997747
964337191
-1024462650
-1617508504
-1781554229
-520396961
-2025699785
-1928250973
-1388369953
-1028593337
656921997
-295096351
2068920430
-856799231
1147979948
1261089075
-17349462
-1275344019
-1384765641
-538413290
-616630022
