-1560676905
372058386
-1885533335
-199784971
157816347
-833593510
1631962000
447344960
-64410464
-1918884696
-752771152
2042283538
1598443733
-1063564576
-1312947571
1773376656
-1568569379
661140075
-1045995468
2135843320
-296850302
1596620807
296834762
-1219563400
-1875362967
1499800411
-558466316
-1494706507
1859498124
-683027716
558253096
-286628917
-1455618389
-1335149267
1805874566
1009862016
663684376
-1634598303
-34612036
-849321338
-1721852816
-1420875318
-279543733
-139647113
-218019457
434589451
-1010377548
879694759
-765218599
-1493353488
1150349488
-777910659
1164565113
-1058001158
484124739
1687290461
1266192148
-1940066750
-1894135318
-1211748366
887640261
-14224605
-91286724
1076490357
-189320529
-798173684
-1469666820
87583113
767352498
1519702796
-1619664090
-1789516428
1026703274
291887104
949805592
284120583
962889240
-1498258293
-1428721554
-1766416266
1488903644
1642529719
-877698593
963843144
1445962235
1127563181
648863946
-735942164
-409696352
667161991
51420092
1207769457
762928556
501474071
-1725955007
-1701510206
564385384
-1146101521
-1711078507
242632106
351561382
2103348780
1308763602
192970887
-2047371747
334761389
1296387601
-2133785079
-862162432
2013615107
-556072878
136468595
-1005196466
-1998008830
1599399817
1458953619
-1199710975
430557936
-1024267172
1877382186
-772158488
1138787233
406110323
51840633
1160490527
1024973988
164959812
-1723128217
-189369859
-1922802585
421364583
1928510427
-1345985991
-906161567
-2062550598
98378470
-1287888883
470476213
-372359665
-1786452842
1727269069
-1591329712
1589339384
1113865450
2097459935
2068934279
-1572280664
-925374848
1725413841
371827660
-1371248598
-670577877
-1888969307
-536943879
-884269828
2074936329
-753392126
2012862911
1166015438
-1702204121
-1589113783
-1848046854
1509635261
-21708501
-2023720164
149872737
436285866
443195912
801412362
-251934587
-145312721
-1588075145
-1536229132
-298813171
1463917844
-821012951
1399390212
-793946485
-596712561
202445393
1309121908
395197196
1301992921
-1623559538
1537200390
-2056799516
1210780528
-54657054
-1560159801
1910515636
788100461
-467009844
-1412549333
2122723085
-352291190
318539093
-1879126161
-1281669187
-1559405004
467142694
-1909943395
-845838196
-355989113
-1553621596
1967114916
1006490413
-1915694446
-1979792335
1147574815
619584588
-713548032
858749437
-117707450
-83399689
-772691195
1192015817
-1300381697
80340379
-422881815
1443126093
1459263643
1608451504
1216168249
-261948308
887284890
-1550341616
489913140
-1691171919
-713003924
-1309658360
-1362644883
705774846
1212334284
-854478376
1434241683
-1086604547
2075317813
-1694909070
-1951021851
780716649
-922090728
933368648
-183906429
-1792634335
-241205634
-689244585
1987015219
-1484593160
-635221644
495316689
206308591
278499631
1836187288
543981154
393720624
906067540
-1042532082
1470296919
-2075359506
519565254
-640345864
1429989672
1969382406
-1958676090
1811390502
1054914642
-1968955977
-1938686666
-1471485253
1714053150
-635702934
-1344160507
-1582913094
119098978
-1007502732
-59561122
1348641742
-1585442397
-1339556051
-1673445570
1009507310
612326637
-329130166
-1683106547
1849871403
1866937390
594829549
1271891184
-1080686277
-623151423
35958270
1494365437
1407008529
-388224849
694498080
1519321237
-1803674618
911871516
1460308614
-352187796
1215945879
1761089958
2022311461
1956633261
1618996216
975731460
997969258
487071143
-1355050096
-807415966
1276251718
1061392310
816011523
492567874
-2038058259
1647771376
-946449972
860186125
-711773837
184514014
-692368971
-1634717029
-2086393258
-195547308
1914277870
-1121099268
-164023353
-1705897005
-1234107803
1130077265
566059721
-2036048241
-1956032706
1245848453
566546491
-642042627
-1688206325
737171692
519795754
-1799628404
1119481479
20430669
876355263
-1368570947
-47894942
-1011141944
967515064
-196779743
1783459004
-2094252597
1805204527
-2099757996
1789515872
95740752
-1829963623
-190695182
1746413258
-996788699
1333902767
2069836234
-1216432596
2136298953
1041089808
-1805370424
1956412070
1672904122
1345468288
-2115473371
356413252
488780775
912714845
-1478872821
-1143220093
173333272
1299466347
-1190836562
-305837913
1410324379
-302457854
-1548514167
2013094296
-1258258435
1740951384
-621143704
-82288575
-1851651428
-2122099672
405567326
-1288937291
-108037843
771154761
2088697056
-733428934
1249245960
-386977212
1577941876
1250118220
-167507589
-1054798846
100283608
-1256471488
1861015190
1677170630
-1280986837
179497307
-1005505799
1068348367
-953145626
-342089829
-608210200
966609849
-151454988
297009421
1483129159
1073973072
-406272148
1140276223
-772498939
-1107945068
676812266
996988707
789607236
-1427946595
1224516579
1591092221
1882808876
944837663
1589119999
-1810019661
-945983739
1322019507
488579253
-1676195381
752786977
627438719
1475868828
85591997
1452115359
-111791055
-1816374890
1704433477
2139665894
1999641108
1315889059
1411467443
1896064716
-1474131491
-1937804917
-798984753
69767722
-1652959648
-1556391071
-1507615197
1303382416
904207553
2015581174
1575117379
1061146083
-1430327485
490302366
-1847663751
481529637
1655656436
-1788299255
-596348583
-747349615
-354534977
-925335115
-909011657
1104444459
426110087
1272575931
1294039082
25139929
275622102
-2029235638
1759366329
1814270380
-1560200393
-1057084085
657010758
-1528582234
-778764684
-1619838819
1854087916
1389472503
268397411
388491989
728024086
994926991
332192591
-2014140316
185666425
-1564307774
-652930382
-1575589074
579938613
-1117552986
755580837
981304653
686818432
