-1475509897
-2086614228
8364863
2086825766
-226727083
543535641
1773170731
752810231
295113058
635868393
773057467
-619866662
1322961839
-1509853425
-1464172316
-1111445644
1309876133
1440869638
-152164221
-1721835965
-254216171
900892267
-424327414
-478876007
-1057712617
-1179734511
-402643888
-1414204675
347444683
-1076883770
1590380954
1581818258
-1401287090
-234286926
485704769
-1289647978
1444806894
1128226509
-926997739
-789820750
1671813670
-571396856
-702492782
-1004472360
1670161086
-1095556353
180984094
1736172341
1325951271
1648351264
1598083567
-2006319285
-1546269039
-2670792
-1737732789
2136202482
2035051338
-1819081084
-2103154473
-1244557395
660468709
-1043149032
-483867062
-1777551048
-1937914052
-1607531683
-1206400901
-1864847518
-1028468187
-2044249590
1673626661
1202560930
-931071045
-1289286534
639835182
23780327
-2127051243
2131345715
-1724129781
-1291552574
-569238486
1539153761
-1686488905
-1821889197
-2044906279
-1136286288
-1627477368
819634892
-151248709
-812379805
-899368575
-1756417735
742483168
708864927
621307221
5005207
-1605046337
-1660424549
-1139204689
-1654223857
42172811
-701511709
82905530
1566133730
-1771201381
1843946924
496000920
-497995851
1112529227
-1806420577
-1915139975
2076652939
1571268457
-413349628
382003988
-1733485608
-840216182
-1888283303
426884071
-308981049
67870177
-1378515800
-2124573758
-1312668642
1137096547
198052192
-714684603
782712052
609507598
-661451807
-843971618
-38754959
-302231706
320189531
-2126851161
1794030212
1684494949
267166265
-2010698373
1407874217
1895337757
1577591445
1603108106
1744258920
-686332942
306238836
1948699558
-2127084570
1571566565
589413099
-1664223116
-842441519
-1953868124
-196112703
-1967786741
1749095438
-943956655
-512489009
-920127255
54092965
783442986
1952773279
-1590530697
414352586
1304967316
-557534776
32512748
758039211
1082863914
365864127
904356541
53094034
409249026
301492792
849117287
431041737
165317038
-721888925
-464871045
-2118439200
-903452822
-1362591487
705003268
1934962686
-908810411
-88790426
-2107226713
-1462734861
-2131949064
2041445214
-1160444252
1390907620
1679936223
-691744178
-1872513620
-1244848431
162875199
1899145309
1509559354
1912549484
-1644269649
1122436565
1043089948
2123654428
1361878834
2014270147
545039267
-1956442440
-1984153894
-621341652
-691973670
553978507
1898905758
1490903125
1702627816
735047569
1863610118
-1551431511
-210182440
-2272413
-1968581512
-1299086513
-1396129487
1249067127
1122130398
-95038650
-1172605423
-76883763
-1859866498
-1611478959
1675225230
2005675782
-1092621116
-168461768
1962087846
-429404913
-452588957
-1704679708
2105000156
2052722180
1340527419
75464311
2034314207
-919954936
-450440029
-1733345849
-1721257639
1536965672
-857783822
-439805248
1935902674
-1732988408
-72387583
1516608169
912102077
352147087
-1461035142
611944294
-1515683649
749977006
1980167786
252122981
-739990886
1873751836
-1827174203
-721067124
1437442644
1458017150
1224284598
1633155884
-2095712464
-1794328533
-981741401
1818837817
-1953439371
279081934
-636319876
1813308070
310455323
485841233
1228751554
2115811823
-603026904
257900174
1813144224
438367813
-1495116717
629262824
-820182749
-242423053
1455059594
258838251
-1408888270
1044586674
-2112264863
454251864
-332680161
-588360829
-1747330318
113296229
1659486351
-1745337562
1705980978
1836203558
-1093160746
1394365450
2078657065
70607338
991730055
567824673
-141411772
-951786555
1711763851
985463030
1412348545
195705461
1851328572
-253961729
338016882
876050891
-219895055
-1922522523
2001961835
-1895051891
224220934
719513129
-164836536
2008103078
-776922219
35508574
273993878
153549163
-1626427636
218949928
1369748533
-563112909
1968497261
-1991931985
1770705446
-1686822514
-469395896
729620197
-1519184518
-34330849
-1459132364
-1085754319
1449392198
583031978
-1723423219
-543297070
332686555
90136407
5509519
-1422480041
-16889647
198877973
157689078
-152324064
-282213001
-1446780322
-1357746914
-660256498
1952068453
13498292
1864024307
1680387989
1481799212
-1689253491
-1194401214
-1249829019
1173969779
834174988
516438905
611178330
-1967422494
-2020344416
-1084396243
-25563310
887770238
-256698091
-1501983822
1921660889
633301224
1348476346
-1364723192
-1804500469
-284521285
-527155369
-2110931435
-1328657422
1660421790
-2070324062
1625019905
-1316554585
-1755715150
-380902965
-281961962
-1200254198
1822366794
1423623691
1450904970
-98053382
590211452
-1444268877
1499976420
2036498064
624946883
-1951204792
-624812898
1765505575
1470043313
-1586377127
1753602605
726725213
1074825712
-652269217
-1750154834
1053652741
-1252546090
-2067802687
1070734656
-627225684
-1883061754
440072115
-2093370378
2097085943
1896140789
-1296578441
2104149153
78710178
-1904628441
-560022639
-2106860329
1353024471
-829935985
1064626998
-195351360
-1164116149
-253671444
1420535488
998594144
749668945
-1590137962
1867270259
1895166970
-450113309
-1753604969
781576607
-1535918374
1242678351
125736329
-2146378094
556994158
-114678573
908903020
605713553
868811454
788602351
1649818622
-494136348
-603595770
-548243390
-1334952480
-498986712
-793598142
-21755694
2134843705
-1327841850
518237846
-555210960
-283563753
419063983
-1152626405
-1301447580
441520867
1414861961
-1562388624
-1198144359
-861970559
682515261
430590177
974240232
661172063
308566614
-871400656
-1317843090
-1965548806
1596486658
-1924547146
-1049040507
-24249090
-859012777
-880947897
906929028
1471205455
-323252424
-1292358604
11006923
-643610497
1204595520
-904753601
