322861667
-991009698
412709045
-1459017942
-1479184238
730833314
-1220244621
1109757027
220180172
-1691196485
-1480307401
2069264860
857937357
1502781883
-1404334470
-1576102831
-957287294
-1641625664
-1156508064
-444169773
-140785292
-1395207717
362106401
-75321220
1254196504
-712421107
-812200635
443885905
-1017389747
565131951
-1597176632
-702316097
614940924
-1516814522
1911619235
-1420678789
-652612550
1979129709
1642613717
-1337307242
-103474048
-302933147
-1822253822
175588156
-2020802324
621794415
909432165
1814547164
-368017506
-1631526062
-494640079
-1225515476
461313936
377251703
2105556253
-887675339
1452784260
-849931278
-254989966
293634913
-1348094854
-84329645
-1535714611
-31392648
-469872463
1655009503
-1585996917
1715871131
-633365054
-58543564
-1503814316
769673434
897701062
1911412750
1628351259
-1452529192
824288112
-1203020659
-413615378
498286898
1888447111
-71818136
-395656170
1709566651
835435092
1145630904
-998087291
1355343201
491842784
678927896
307405770
-1416308621
1994234154
110234040
782554165
775103561
-1309009189
-251393634
1489157290
-237905491
-1739844796
-1965296963
1221050676
1130373733
1033376878
526184843
-435310925
-2074426584
-1073333783
1603000706
-738234569
-158931111
-1170379581
-235342946
-663274028
2049737399
-1861009379
-352770996
-583742256
135578506
-1731712867
425838330
-212621531
-699253960
30763848
686385887
2145108851
2107716812
-1595532344
1833027601
-1301537961
-1285756292
-1025989126
-64219898
1987229461
1773317724
1040771743
925009740
1299439459
1444904233
605872732
-350961042
-1988624176
-635635753
-1613319361
2037079873
-287754832
-942268501
1727776751
-802429907
-1691295585
-180661009
-568003142
657187556
1945763129
-786409347
-1753240292
364893237
-721608533
1990761555
128341255
439872164
1960483863
910540614
-483841222
-1914033041
-822491929
376836088
-209042685
-291159678
-1669713473
-1735572129
554838720
858132098
-1073337806
711669008
1677143240
1409761948
-337295146
-414873979
-628651840
1218441696
2120386024
-2121309040
-1956151638
1133708053
-1126653488
961583659
-1679535257
963857893
1555134556
-1812780578
1383119329
188276445
1136817400
-615729864
-303175272
-935244644
898877903
-1812739446
1860923187
-1466892179
1273256115
-1088690647
1255296512
100770463
1127187236
1483582005
-297819122
-669036086
-404044538
-1587739577
-92341933
-765811730
353870832
1984866170
-1811163754
-1939517219
451466799
1192172927
636423437
1535827499
867500871
382732161
652421759
-1052380316
1586689275
-1935747333
-695306887
-1575425904
-1143605014
811495831
-1950443432
-1461514014
1119429696
-884268580
269245326
-2051836673
1429413444
-1802857647
-2062223425
-1542857700
-31304221
-1560811044
1773584090
-1649737421
1906373030
-1839333209
2057866884
1307909934
-1710582596
320061488
-1995515086
1383656808
-1142102642
1936878069
520627572
1421291419
2054573812
636115770
1682339607
440313430
-2004581017
285866253
-2106664010
57686833
1744653455
-125313439
-703511371
-884400020
1714773396
152898848
1439182424
391043489
11725093
-1117166636
2096575094
2008808200
676150462
-747839854
-37350750
-1068672711
-839291475
73358188
-1747356068
2104137954
2119073203
924895597
1046568910
1345943914
-1946448948
1953271173
-1857914415
-956336895
805461320
114216057
-248353642
-1037028826
-2010086512
-1077642541
-1457434540
1090970287
1882287961
929997268
14003228
70003278
962194362
1150875936
-1195612563
360813632
2009358744
844147385
610639449
-281244915
1483063887
-503370160
1716706761
1346413163
1680358108
-1697867093
1555566121
561348504
-25235786
1697760401
-1419039309
-1569792168
-773330453
2086715864
1349541997
-673655192
-1641571495
1571753788
-1774301689
1274169774
-1749229854
-825139824
-203422331
2078709828
469699709
-1700888228
-272287751
-2079080489
791139637
549477017
1817411800
1305557590
-1572516069
899165105
-1112759040
-1277403750
906859753
988468319
-589555063
-1081874758
936196549
-607010482
-1973369217
443619524
1250626125
1275847035
-1315268946
-1518610209
-1676855371
-588953521
1699960434
1747773165
1613509163
-331582998
302854124
-9428393
-1498705078
481088170
-1764679850
756648349
-1094335134
-1611986836
-1414907959
1954325712
-295468221
13184158
-1339034665
-1756749010
-1793194928
-803931727
-1985606727
271475748
-2125649174
1802231099
1479279909
1436876156
1697603971
-251236060
1834751277
352279842
-818798061
-1644241718
1083697306
91399829
-562776038
9837838
-1991808440
1418595754
311515134
-1945415300
1462868817
-1546831208
-1492948158
1604903206
635074592
-1004556123
1243052685
268300862
273644298
196543744
-528817709
-1094617428
-169663991
-1805188688
-2105861274
-462316128
1760425480
-2105925695
-1398193430
-1965873884
1703599220
384363403
-1571069419
-282509423
-2044790810
-1139966821
-1992566622
165990099
-277586841
387162959
-703436784
1282420072
328153965
-1887373226
1235952851
-720709091
1155912396
540566828
755035739
-1134484848
-697460987
1539629704
1914000952
-1047203389
-562666766
862788235
993124627
388051068
-932165183
1948166637
-515602199
1110059611
-1279914873
1213468754
-1553452568
-1110175978
1432971144
-828828958
-1334123477
2123056566
-264683367
1309126767
130538879
1728642250
830858412
363433466
1394700380
1078566823
-737370193
-2076281740
-812970735
2053104811
128090381
1704605538
-1595381403
2068311616
1189858783
-186502559
363301002
-799101474
1926938636
-30619207
1072878153
-2003726833
-843651556
-808967775
-1735744411
1413629863
1775454616
1142091797
490587034
1586323959
-1632121726
954832975
-1403113094
-1609149950
1834510943
