305984551
125923697
2089079869
-112718981
883417840
1856748810
2146344177
-2080572631
-1647480114
-2023650707
-1524840108
-1750695578
474451301
-1911687878
366903038
1022505948
338797159
684321372
-167962835
981228200
1044350755
1616967303
-1690489697
1376288514
801051021
-243141586
-354304436
-1240550681
899635466
1159349477
610164415
2034488060
1740953511
1055773405
-299639149
388344381
-1483523800
2047261975
720960655
626124049
-207625585
-2039584146
2075257177
-1326961622
1996399618
850823096
-1701535681
-1422365440
-1386857523
-2073777372
-709450654
943159439
1861917473
-1077721507
2143136540
-1767561481
1385720542
-1129913849
24305016
-1202510034
-339486860
-869716194
-446627842
1724944870
-1582019423
1207159560
1766527327
1465986408
2041996313
1724717015
-600012434
-351504294
-1927277755
500038391
716016335
1645184895
-804571255
-49812618
-709238459
-1932417716
-1864517491
1165417265
-614038906
-571260705
-699500306
443171082
622570794
1288292955
377392257
306554816
-352426392
-572959352
-1964531060
51663155
1142055260
-1648661843
275292856
1641683677
210310637
167492886
1365992114
1006967087
1441115781
-1184197545
-1139867134
1144600658
-1599561693
-1788172579
-1281716220
-1018174582
1724864728
1206665539
55363063
-1618205960
-1020942440
-1878936405
-2068260523
-507176873
410787946
3034730
1483486951
-712099127
-1339649273
10855312
-129417859
-1408767709
1747407237
322101950
1167305106
-293640873
-477313792
1746265534
-223685167
333849556
596861651
-441024870
745494957
236820611
1615480110
1832431174
-113475697
332399219
950023749
-2101201282
-1749747626
-65604278
1379170247
-1916851348
-541361414
-1547350736
-603327128
-1462035571
144105791
1532126531
2024040077
1880131416
587836112
768309318
-656876796
-1214046068
1663113508
-713060394
-1666831868
1878849495
474203570
-1885476755
676502474
1069346337
-1454726433
1093759489
-1421047629
640647788
1843864604
535859388
514592957
1615862944
2127894861
-1948132357
-2119217457
-1342370425
-666206237
-1286528299
-1226158313
1841895549
1934488143
-184652572
879386059
1115422876
-127173579
282980497
-2090111109
-2122239268
85434136
1451647009
-1883093400
-944718924
-895235241
1705362294
-2123363604
1763619940
-1031272948
575559560
1850416527
-1074272638
1283832842
1561021366
-1884465574
1776341367
-435935577
-662325530
34628770
-1703959996
-1492936692
382557647
-1893548988
1376160645
1648379180
1438475465
-1376696124
358297880
-2091221799
-1490691672
-161582437
1926965141
-277588397
1089823150
27555325
1925604467
1766077483
-1445429640
1075679981
98898587
-474426686
1708098639
-1505330290
-33307273
-1624410373
-2055075710
-208459183
887177148
287109556
-1405270590
914091120
-1115139050
330720873
1120579197
-1272945172
1955655938
722686990
-903970648
-689748403
-241888695
-2051363836
-861667601
-187030203
-2051945965
795129032
1136963035
-1677067328
796256192
-932219985
-1345785131
1751003076
-1211565384
-618870924
1662148130
2106924778
1023844891
-639413362
-1970565295
2076809287
-1509640153
-887095222
-238747461
683627217
-1217061233
1810187864
-1827989642
12406595
-1161141339
1738218792
1371316594
28762706
-1883631909
-1551931067
-1376039574
647790263
2060781795
1191031386
1112703660
1481375118
1449048197
-1946829805
1765626539
46272285
-1254466375
-9449275
-1009276387
-661490866
2062107316
-215477818
1480560785
569133132
-565032945
-1821162345
-1870389540
441010276
1391699616
-317475158
-1740850433
1757033230
-1797752087
-1912689363
105428524
-1613249671
-392893012
-1100179273
282821274
464727775
-2132862735
1477879889
289784461
-766724591
-1185493031
1113575865
-845407499
1642759595
732748299
2124311904
1230446857
-721997027
613221896
-1641940042
1878399851
-2053839617
-2037528932
580009130
982807768
1770688604
-311204420
420689142
1351067309
1903228893
665720308
-1651585129
-1150472087
945975645
805775381
-533498450
369942727
-1194334735
-1827954362
1480721877
-850537004
49392631
1775807804
-1932420363
-104708791
1064701997
-854933750
548426719
-63378410
1738821385
759243416
-5336071
-1532528765
-701004263
458380218
856664986
1788316659
-1677076857
2034101809
447721494
-1246555761
-677070363
-711732769
-1028197119
-763130267
1882895808
-1539803360
1540024491
-1864941251
-1955098841
456739495
696944558
26521424
1816729177
2131051378
163594971
67213636
-1273214589
846978491
1897583878
-1024639222
-916847051
233970147
-2099111951
351434017
1436798086
1041948625
-466970114
-1420445785
-1015991457
508830745
-1865835134
-650886448
-698114832
-1305976112
1846034669
-326285588
1534512678
2010860825
-605783583
-735963107
-2118872321
-1935642744
-2093725932
-12984864
2089879006
-1437327522
-1428515130
189315617
1966562798
-1958140887
-1922785424
1108521393
1106740417
1370123924
-344437116
-279120476
482255801
-478106520
-1878083753
957431999
-342387240
53756155
-89340081
-934860295
1795098072
-1534257784
-184082595
-255290060
-1211740461
471490726
-810312137
-2026079362
-1324829583
533912319
1929002860
-169962305
-1488127272
920565357
1735505196
-1127037843
517995643
-982193442
-1783155472
1204334536
954513061
412996494
-587861211
-358688982
-441635753
318931128
-984109295
2015322329
2033254138
-2139861031
669113565
-1642889727
-1266230767
-229628969
2130313690
490313657
714640559
-337435697
-2063414089
-1175617223
-2047316095
-1889109043
-1748906283
273952836
-1078893788
-540836322
-601917471
-1110233659
-69375551
-572686321
515171527
-1921359168
-2057780032
-1355874521
1655839958
-23608035
-951831063
1181323999
651789833
-1370873956
-1572466179
-1830773941
1701319551
