-73256926
538734859
307291811
-2082852894
659410899
-1730741492
1197849463
1260480659
-1860123125
-1627381331
1112082303
1641518829
-1381618613
-436031014
257040094
-1291354501
1058308751
-777730020
-730713242
-765635021
-1684769630
1292989162
1840778784
220848370
1072532692
-1263731560
115883793
-1453438227
-266597005
1932269157
866839920
-1834783104
-2060590830
-1681942501
1927474805
-115976941
-68021363
1347700968
1726012988
306039399
-2096508213
-23021790
1925619202
68079965
-1493479947
855820395
956658595
-23488232
-1764368189
454948017
581781145
-1307147432
-1822248527
1233413299
-834428130
1456932782
26120210
94163669
5981134
-266168517
1033758702
1136972091
913247685
1946437049
1245508417
-1700838379
1933609917
-2129263053
1925198089
-517277547
1878130907
1376553894
1870964812
-1855973901
1018104340
-1337514113
-1656168032
-987037159
-959708547
488957184
-1474280417
-1786507890
-188633602
-1224363029
309788039
1799338504
-1435362935
-836461464
905209236
225096521
919358939
-557655418
71517133
1849385564
-1542165861
2055644395
-1456400846
-502560321
-1307475572
-1136073664
105106146
772462888
225090036
1853533993
176102987
-450975598
1279071044
859731828
957808635
-629344550
378213275
-2073403113
-838893370
1901186178
208506291
536805416
-1119857777
518772927
-513786300
522693751
488902456
-1987249114
-1464479146
1323800297
870289036
-1642177003
-322776054
-1785697352
618231807
1819232619
171245819
-741658483
1828881927
1819358866
607625104
1277827326
45610048
-197170676
769796837
-1674490963
1429575418
1851508190
936669130
-1247531522
473128956
992468646
1913185488
-442945379
1806418356
-720930073
1778692710
1006585542
-2133552710
-208698106
21834590
-440491893
2067724648
-80491692
-1860806206
1638011652
1412824120
-1772256742
855947341
526404135
-1420024414
1581019946
218359349
1291751998
-1239206603
1400264260
2045782015
-706987894
-2005924355
88882459
979679941
1979939049
-1288084062
1596399044
-781171899
-1054374274
-1318428557
108467674
-1362621141
641707023
-352253309
-1865939305
588364813
1025457725
806243942
-1762762755
-457827733
1163515601
-2104061296
-146293924
-1972826414
-270293280
132959435
831674129
771204703
315432965
829369257
719687071
1866565308
931366252
-1859969633
-590989844
-2144731542
144983758
234951548
1850634882
316512029
-837563605
-23415503
-99696041
-944023817
-619823663
-873466840
1117855200
-683968688
-248308800
2007020472
1356809912
-20861887
1487300296
-783552775
743320473
632574564
1301308107
1035439457
1403589410
-328167574
942330308
-409735678
-1169057898
319666523
690224287
-718829096
-166894125
1006743827
-805349811
-1196967439
-305747312
-1907229564
-143322514
-471592568
-78168715
-1310003606
1009883720
-1558938739
-677920124
1319359377
1484856646
-1462149121
-830161663
1427132191
-1746625707
-2039461740
2106385924
1746919605
-1502708084
-711117061
2036386908
164571826
211712683
-1366298258
-775625325
817026771
1515493305
-765997620
-847512980
-1178427170
-357631993
-140395474
-1830076607
-1619750131
-672738320
1501822546
-1665457577
726318904
1102393686
1914326889
-1811054816
-944019520
-1157742883
-1729233132
1923964421
1716056045
1897566197
-422553869
-1813149746
218811170
1540672835
-1289402845
13464196
2052091198
1390696607
-2023789691
-768812670
-1294114489
-400713788
402771666
-1144627086
1976215233
82174054
-643105927
1413040193
662577381
1213425552
1889860057
1794990922
-2122667316
-960689127
-1279242593
-1972835381
-741117527
1616006874
482594780
1908078691
-2122011640
1553538681
618916139
-305714003
1082465516
-1950054738
-1570983024
1525144958
1648484768
1213401096
1488092536
284344761
701476826
-1030057598
348091799
-631684526
-195912383
-839853067
-125763579
1096010930
-2126024408
2037056590
-1900561380
230965955
540494642
-1918721134
500724227
-1832302707
-798741473
2046809733
-1238372160
-1205596446
779479471
1960563788
-898247618
-258786705
1044788407
-1978711143
-2023230494
383347297
-144622734
-606668232
594282865
-25561008
1985375611
-217023415
598501820
-6286157
1322995401
-1791571236
1242785477
377190826
-1386099237
602007322
2096983905
97818399
512774143
-38996167
-476222960
1048669414
-847045601
-1560205119
-300282425
-1982649252
-18699093
1996241124
-1189702900
1895347737
2059833971
-253170711
1966027308
-1470245837
-349186322
-392241870
-1575960465
1586796668
1687935151
1473720711
885391069
542426124
-50156230
1518862905
-1264830506
1029927031
2601835
33558379
734317950
-1435727025
36952249
-1084503100
-1600587118
-2081103750
196766993
1446503789
-1467123796
-379719866
-52793521
-975071666
-705270605
-345781604
-803162399
-474902220
-730152495
136496908
-512572957
509583513
-925870901
-2083988121
-1833194096
884796595
854954309
-1795419914
2120257464
2042747481
-471634928
771227725
-436923198
450363610
-800929437
1420225771
-51805255
1301767803
-263663034
2052133520
-2002784276
1009581429
1107436689
-55265825
1895515685
-21062517
-1365439385
1538909049
-314441425
-605611266
-303111136
1572763845
-349062916
-1353705527
954162129
801543593
-605247582
-2044842653
-887658988
-668678611
-498728520
913354100
-1073514968
-356968288
-1670091970
-1001559693
1186499647
-802289
-2060308008
-6221870
-1621003864
904068520
1815223293
733984022
388519377
-232321817
-211409415
904809729
1798927775
-112912987
-643262639
1146497599
-2016429659
1723558354
-2114305694
1751946154
939954156
66206911
-2088761080
1804625986
-1984929724
-540113325
327356872
-1565603727
-204444530
562152543
1073504557
824639932
1997766791
