1053080839
-764974642
-281781778
566884492
1299132648
895732451
-499911858
419220953
1663171383
896454516
864839498
129664221
2110768641
1532681167
-2082027996
-392803529
1119813561
-1414599166
150674243
-2042301374
-417972795
-1395569224
475441097
508588216
865290385
-560359838
1306298451
631355020
-1592363743
1265903723
258197899
-779055608
-1275814327
-841527209
1057159346
1896137361
-1314839659
1621995751
1844188492
-963415719
112327357
-1111620933
-1111080595
-1400196958
951261670
1943854846
-1484279697
2005506185
1502151682
215672192
1479551547
710373061
1277846986
-78941033
-1313145705
732059586
270701805
151775690
1325476164
523260239
-309371009
1774164329
-2074945825
-169543355
-1391560920
-472862869
-1331904140
-711354936
-1852831099
-649090467
-864368703
-149726442
-1598051014
-984467525
-1018340269
-640597263
424105317
-574345094
-34042328
1577780714
-667612011
-3598314
-587340496
-1004323565
722029888
1631708987
940425530
-1021819550
-1056904096
-1727042986
1839247486
1183118496
1008722118
1390330954
-277558882
-1993991890
-1122996660
-1042576932
1414563235
-595364950
1293018828
122841377
896905516
306356932
1314731901
1403194971
2017391216
-567884503
1755942232
1501236733
-574008658
31629016
430351811
-564875638
-1579268689
-2086800742
646496522
-1118191451
167370406
1224150909
682727444
-1539722672
1362169772
-790366905
-520087091
1441223418
39658199
371117151
1243708280
-697532064
1595289132
-1574696222
-90960799
-96893501
1935152054
-1506506243
504624841
1764910108
-1625259596
-329038264
-588759424
-254109616
-1227230536
-2113374685
8448468
-1742614941
727355791
721289219
-271903207
-1811743212
1016189372
-596814668
-208397229
-632969355
-1408815863
-551796657
1066230366
864658546
-2073310579
1218886460
731577321
117373912
353913897
1985439765
1115107824
-1922615325
1005032947
-1922183814
-75333061
96811474
-649068395
-1651112919
1712486837
339045200
178607912
-478196900
1589474456
498047847
-1918368013
-24793146
501658458
-1367421328
-1464230504
934503373
1471689293
1674865679
-1616678000
-2140272695
2017694279
-2140195252
-814993049
527337095
-1123657732
1563219838
572630846
644252433
-1208417465
1639396677
378923706
1195857996
-1885978750
6575776
912633907
1945296872
470971816
-179149789
1199138029
-920786545
1678876012
1244924593
-509243914
408337155
1853718336
405657832
-990997512
-1118377852
-1497461296
-950827546
2054370732
-1056667788
-800101995
-962414297
1359865155
1098652677
998068396
-815934021
-279224801
-1700086732
1898916130
9007598
1958539813
-1316485230
-1068313445
-478117324
-18927915
-1706144773
-922062658
1503983354
-1935479498
-1933358429
2095443290
1659053517
927571667
1752481752
1747953261
-1880792095
-1869118702
912615477
1426818130
-147704763
-1202923712
1893282682
1534709810
-1624287310
-205695230
-693045109
527312401
1786945992
-615062075
-1402673291
-1981182936
2050098465
1727137937
-1190254477
66560049
1354271141
-369634803
-309837683
-520008710
-570168929
1018889894
-1261005677
1728792587
-1187782530
-351259815
342301224
-1840335611
-1828091381
1832941006
-1888146290
-1908864160
1698471845
-345212404
-1715129775
-1400772724
-1166432165
-1589286407
1203225845
1973331610
-758047737
-792071483
1603199929
-2133407912
-1478617813
1976733344
457881996
813963853
529832906
-763462355
-1299247553
1913481848
714320906
846701114
318961906
-2122182276
-770076414
-2009412481
96773157
897701268
-1348623813
-292374470
823799873
1206144110
-974653227
-908608364
-1362404357
-887591612
1817132293
2103145087
2110234733
1366483238
119926605
1623138029
-901230623
1088275669
-461928299
-769280750
-113903518
952688712
-1374270816
1753917279
118930920
1124696430
-1869752239
793028862
1794835868
-963461550
32403392
1946971662
-2140036796
-918591926
-271474365
1617924896
1280363334
791526743
1722439437
318158079
-1318228301
-1542297855
1628707103
67773082
1495805675
-973788262
-1963886971
-890331605
-368435347
1384988729
881517227
-763879801
1787336866
891188692
-1008379703
-1026512906
-1916797406
342044678
138220909
912780575
-774851971
-1724417425
-1410808038
966272176
364938233
-1347956581
183203695
-1596517165
-759399197
1228358519
65903714
-1081696819
-1609932553
-1757125199
-1941336488
1266871859
-884130745
1366671131
-1963932289
1943623104
1028061692
-2067608243
-1648671753
1944301338
-969396973
-854752330
783096782
1608634906
1661296915
890441706
650669590
161564221
1434577173
1399535945
-2089996958
184800316
-1697775793
1479284469
1033823396
-1642588719
723484553
-1606359231
-2031566490
-638447500
-1572942767
1752569723
-1450163690
75040313
-1743318104
-358678471
-653795205
-1935381771
1343336675
763878674
1250497153
1222558450
-465250050
230658825
-2038359221
-232984372
640531970
-78601598
-459428340
1308223471
358477189
2008870293
-1283448630
-1551559903
-602978869
378956237
-76552372
-1388749574
-2116664668
-872809800
-641246614
6916776
-406443277
-857199574
-1499263085
-1680458066
-1730672746
-1600786250
1391745546
-1774773705
-32681705
-1987220983
-842743427
1939829901
813148902
-1299791080
1184677243
-1793989406
1815832554
399710784
-388814270
528212133
-300718716
1089166336
-1820958795
148026664
780363380
746762733
1205123115
-1412075272
628215693
276294660
1818449448
-864847651
364476505
1487057338
-1122708491
-800187386
877405094
-1096597884
256064199
-528871697
682194918
-19666590
-1043339761
1759467441
-228341478
1952073092
451153733
-1000390201
2026017851
544868814
35140597
-433740701
1773540517
393163218
-1139062160
-1762873092
-76684143
2004071971
