244608487
1579774434
2017223352
660215986
-236624838
-1175058937
1615413320
1513648680
1691436711
-2112553621
1337665123
-106751892
1093707863
57153546
-1245557545
1255854107
489853886
1746043109
-96442017
-724067194
-1938561998
-283986427
1702556881
2143036002
-2128441156
-1267119021
-157622382
1659872477
-154397766
1351173988
1410979370
940166388
-947720619
-353638481
-708612792
-99982439
824325627
171631277
-112999635
459970514
294701431
1698615085
-662490642
-968838571
1215367617
-1613858482
353707102
-1627314454
-1351816629
-194853182
-665424090
-1530519350
544943455
-209335321
340367301
1894142353
-136309870
-1157079128
-2020069060
-1687426939
115582013
1575754887
1903482743
381221981
1217428901
-1602626088
-1230464586
475169093
1349509323
-1284570751
2068305108
-1060543523
-1754943845
-909863052
-236642121
1937041875
-1776388015
-244929189
-1094537944
1749034059
1938184498
162424336
-1518967124
-1052419355
230463458
1930406512
-1717433155
-414798202
528781983
1821905147
453027554
1751664116
-465986899
-1578566760
464610715
-1732314169
-1924685454
1218584256
-1943603224
322527762
-380407600
2131629925
1479987112
1023185499
-41621113
-1891935685
-109415424
1123010171
-1395365601
980274181
1745370768
-1535118909
937301616
-343078234
-1128716996
-1783191916
-434519948
-1290483132
-1194580860
706968712
-867979387
-938631559
37390787
1747032960
143522281
-458240074
1053458311
-2005348917
570375329
574840966
573063357
-342972451
-2104444818
-1253545926
-384059352
-890566053
-1168089765
-1670087868
-1929257675
1641156852
-638457628
-2034046835
1516286186
-1088578945
1328334939
-1752430371
153525935
659545645
-570608474
-649896858
457534054
1293903918
1799827753
-2012367619
1565270106
2114139089
-24305554
791836796
-1909488965
694049095
-1376427535
1653186678
872913773
847601464
421084846
1413171255
-977500794
-442545189
2037137586
1289268574
-126556768
1988156969
-905604811
1057260894
1893307277
-550556960
-1078359076
1249678867
964330509
-885950755
-973653205
-321119366
726334518
739520634
-600944842
1836708134
729978580
-1718625378
846629480
-922102925
-2000957263
-1569453523
1171727234
133323387
1778865346
-1262760159
-15241429
1064611532
-975814396
985908192
-1540773495
1505729126
368070605
1410532518
1967834157
187840418
-1068971931
-554725232
469420237
1710120446
-1460593115
-2070027075
-1243162225
1897169540
-1155958206
-730374103
-1668853941
-1253848110
1833591780
1059363235
-473579831
1683887244
-1776338216
1735672964
-2106538067
623875438
683866384
-147234623
-612548653
-1268477567
1697952210
-1429836291
296582477
-1242931670
1241640166
1073671231
-471336814
-1548188343
-8972221
1228369065
190877896
1197481608
1849100629
1764109758
7966374
1310168157
914619324
-1575026167
-25154761
-773382746
-1146439673
938623851
-743943738
995565691
730093480
632220427
451652016
210114573
1253441539
-866226829
313848041
-1029033112
1684736387
740672901
-1864607892
571221162
1255553386
1470417253
-1069911056
959745449
-136272172
370935847
-1606306406
1154566225
-223513166
-1123256390
-1159763876
-1619867850
-1739785203
92095403
-1798914562
-603307868
-564817682
1435904920
-892109324
-2142715538
-484126352
-560116029
-633761044
1028123503
1969752114
-729072408
-1463416659
446626912
1125938380
-1105281550
1934077822
-888053502
-1997333464
-1666045265
-1428909343
-1624139701
1699816591
51132498
-1967592732
-399689087
-1210349135
352576136
1022454613
-718525711
1104106557
-479404107
-1285170662
530114088
1657061516
-151780873
-115498641
-1090075668
2116712684
-37456074
1365511372
615727863
2082723923
-990223081
-1245488482
393002077
-347484394
1421735252
-498515924
571163673
-840181407
745782940
-1338636975
-1192032417
719173973
200073583
1317046513
-1475924147
276633607
-1749212890
-599233796
-1811182819
-1441152728
-2049847249
-1936468821
1590277488
-644236591
999088894
-709151417
2054173904
543558892
-485667292
763282922
528637989
-1726308825
-492745861
1267950653
1642646013
-124707838
1217005011
-810361110
-1803048202
467447246
444674879
-1243170881
627804482
737144351
-284792542
-1699248402
-89795330
-1783936408
-71531393
-2050726601
-1973146273
1781817677
-1070331661
-9589920
-488026548
1254153694
633410409
-899083449
54731550
908944945
-1478858705
-487674443
-650891612
-1705888648
-672979963
-1148075426
696493420
-1465265310
-1411401915
-855544692
-387042780
-407416939
547514465
-1938957891
893647959
-1502963083
-720649138
1509853343
-1900727757
-1621405969
-1248357147
-519327069
609761012
-1698590819
-61146722
1501070652
-1632573712
1799093641
1276011047
350553310
898247405
-1602769676
-1762877109
-908393760
664906837
-251676952
-707849789
-686317200
1740459304
1279831391
1638412173
-714283961
-56164520
1138494794
-1267266485
1764146364
-92720224
176043530
1363051028
400599250
-705610185
508707171
-1115573075
-1147819121
-506759537
-1248151463
1186266909
-532782036
-675978878
1759769122
741171836
-568448554
-436509595
1255631204
-660750403
886648712
-362751684
419289470
1868598151
226695947
-334977800
803183928
-524257769
-2139844917
943878918
-980759335
-780797208
-999877257
993510523
186817452
-392483792
-1328534209
2015809898
1491717121
-611886042
-638405970
68468288
-644839701
-1531939864
2113494713
-1451530598
1403760729
1652514358
-170171461
-691394174
-715334851
388295504
574609305
-1243832496
-174715183
1151538831
397973126
253054963
1087236901
-988306392
-1177588620
-1345399383
545621901
-1257087559
536706803
306281469
-1339786910
-991046012
-491146781
-2068672053
1938098809
-143069271
-545406
