94892643
1644741555
1302374037
-1589834504
200205157
98258696
-145416555
1680828457
-172468487
-88697186
-511601289
-1510061518
1045643097
1205089637
1631753582
57576868
557367378
-1116928964
1772699261
631792812
966033969
2035894788
1503955197
1018794617
1904726847
-287976731
-2081693336
1582126406
-1282583784
-1702045969
-1754873218
-58685826
-1974903974
442599603
1286113726
457885433
1018786222
1346957780
1864588703
-54642282
750975952
149039540
1786896047
141713374
-1801999384
1545599626
1188757486
1592754848
332512746
1144316321
440215688
-1503119296
-532742619
1095684906
-1220401251
-1832645973
-1019679322
1356935178
1669066242
2003346895
-2026939158
1544005971
1429566568
-530963998
821419003
404132290
1071542928
-2052596219
1427624613
-1530346113
-568905861
1386097599
-606391915
-2112959189
-1921488446
-708633738
1069861888
-513666892
-1853724880
-597173734
-1813506853
1169886618
-2024801522
-793969771
-572950014
881881654
695613017
-2030686175
-1308528430
1873070212
253284621
-1693004126
387526960
1070898497
-2113479289
-1499751135
429437589
-1667116489
1552661686
-224904046
1179575735
1819777752
-419110034
-1003392521
-1264137529
1695755959
1013756299
-684455318
-750485200
44869156
-148811941
1491737104
1977090663
352486780
-1021724958
423239280
303051991
59623510
45838719
-230849518
-1564571688
-2078473010
-402853920
-684034673
780441894
-202643496
-2109608436
1596592447
942914414
1761974058
-1023607356
107561321
2111861392
-508434966
-672364653
-1893681015
217474724
-930678794
-1656641647
581632158
-62556289
802237386
1535040301
2013076290
-118832186
-1864770862
1464090102
115955564
1731015094
218631791
-857850217
-1802253344
-1593028290
1174641731
-964191308
652098739
372848733
-2049954991
-99017648
-304906242
-430104233
-979314850
2143873615
1471087669
-988788167
1790485735
-690620738
-1450560013
1254416290
1271245786
-1564711961
-896679162
-817057971
2089485069
-581872589
-161323414
450566284
-421209510
2089090801
-312105101
1308539251
-1783122676
1018147582
717702655
-1765679747
-486383131
45500243
-603851042
-364107152
1807940597
1327636368
1502723279
1146195096
221185352
-1360729358
537482863
769851002
-1293872610
-754491292
-987593807
403231290
-579577850
-392337118
1191619692
-25481240
675019397
-298741641
1850320306
-424686588
-379057818
654941082
80180622
138376668
-1268566397
1244671902
-1400929987
-935799998
-1327625539
817411053
665740967
1438998709
-606996790
207175490
229115072
-1727101604
-1343463672
853623447
-2056049561
1495523970
1124208269
1097645482
563140989
1074661965
851077050
58817480
-820406869
-1423018797
-1023870631
2011343915
362774269
-1429950596
962911322
-282382299
489848237
-218035202
117353793
1623592875
-1084559858
2076021483
-1490489427
582777141
-1069121545
2099317738
-1587316104
-303036697
-1259531985
1848132874
-353805846
-55592595
549691854
-2082866653
-558566952
1862137761
-1893571894
-781148184
1992144414
-1559207506
-713795716
1276395381
1304612038
554226252
1532380827
1463646984
-1519581775
-693832504
-52113723
-1271847350
-25065065
430050083
-191372409
-275766504
1025706602
226637476
1379002256
2133073306
-2119384723
-1896642013
-56579276
-1195517364
1107601229
433632613
1148281893
1338820466
-1689948369
1141671685
-804887633
675312811
-304303954
495415392
-1566862009
-1559808131
1682788540
-303049896
-1618732344
-1852177423
-444645144
-1046434574
-80360647
-1067424340
-949188895
-1106556430
1732936912
1698105696
-687698947
-1820780295
-1262863509
1207955385
-2010385351
996819737
1668693696
-1747668202
-936622179
1098615794
-93368873
-1659499383
-3636805
2099095616
-377376436
1233266445
2104134854
1605841240
-123368483
1895536074
-184351910
-468779520
-1985433644
-1661531657
-1779306991
513813318
-509308669
1483253847
1468525937
-46248080
-1902654681
-163006837
-1134124891
-1910993696
-1842497331
-31037463
-2082027885
-1250305595
1704565491
1773657225
-654425233
-839280912
1004627692
1949200964
-331355067
1555308342
1249639009
-824866558
-621720512
-1564745212
14849076
-2131113083
-2056662871
-405680492
1595001494
-2146583839
-2110656232
-53244628
-718440916
-1587236772
-2049235271
-1007245182
-1473728744
-98120467
-2013650231
1682252382
663115461
1544822312
836027462
-916893205
-1902934908
-1457360935
-1402480968
1759795978
-334994877
-1925855729
832301515
345561132
786284103
-115510177
-4833373
-1998481191
-529966698
-2107501344
993970504
-63734013
-1796224531
-1187903276
-407990885
1478511214
491861565
1561971275
110111410
-1297259848
-1696049226
-1088545517
1425362652
2019860742
-527190202
-1801209298
-1672352064
1648959883
303326819
-158440015
932313328
893627265
-2107518810
-687947653
241426446
216292251
-362666607
2029175860
-488508450
1633586703
-2045863009
-1685145527
2023241724
1392728593
-2144096278
620537527
335058269
-4399402
1406264533
158050333
-1166200690
1287593993
-1588577747
-1869940213
-676254588
1150809434
1969806041
212172243
2027670702
-819491497
742091795
-2035793712
-1565881545
-587217224
-1162764942
-329060627
477798201
2003467647
-49686496
-1119587811
-2074483284
-975507746
-2066502148
-1896208863
1216737248
1606181374
1476019255
-1281507154
1581131348
1448168956
1993375133
-375366316
-1475349650
1211784455
-153102759
-208965921
466940171
1467043104
870715205
1208897845
-2111076100
-1491985570
-1194528227
-1269339827
1735299860
-549413497
-1950573412
-2066466275
-1767104885
621650519
-726011169
-1121947189
-840583768
-705862473
1785396801
-953400915
-665065530
1814755844
1364513147
-766083826
555728705
124510014
510774746
2134257737
