1268211133
1563308372
-358227149
925099723
-494159312
799393888
595495768
1215367164
-51118060
-97432478
1317798764
62216235
1646004806
-324538865
-441346661
1343629863
1198096869
505410729
1698871242
1374828767
-1172384267
1992968610
-257906808
411653980
1309456820
-1790147660
1325020563
-1082661993
2146078621
-1326522718
-2113779925
-1161978656
836553056
-2050289291
-1892115720
1166859114
-1449834865
-111390952
-391198559
187736575
-1667119465
572426639
-1368161689
-279608651
1556202770
1423098384
-134007517
-252677593
1216584682
1189170436
1565210628
-1296789565
1832013678
-1188073549
1827405059
1640417709
1003633986
982919692
1380949525
-1724805126
-2123774528
719747811
-1128633608
1535153840
-827339219
2099179785
-650175787
723386727
936985337
-1833580402
-756453078
2112391422
1582890957
-536413434
1766008484
476826310
1104457986
770425865
1299225371
-9796980
-1753650740
-541490431
-711577732
-1585462649
493943644
1845331977
-2063625518
-1998104941
-330704125
769704093
370267570
172554164
992280309
1556718678
128606762
876920579
-572308602
-825854627
643592249
-375845550
2002794316
1775880730
1010953307
-1474435073
2147371381
-1775346887
1203105973
1310588247
-920362112
1784893605
-1573685436
193036129
516031438
776252608
-1092430007
-1200288825
-1955035537
-32623867
138990582
-1262070419
1861646108
869572637
1493389690
-627989868
-2040030777
-1015829094
2024051217
-1991107162
1054593103
1190289323
413304996
614979603
-1876050634
906519126
229738533
-264807991
1813120662
-191627071
-1727903783
-2020762399
-449943956
1079002002
2016307370
131378910
-806007589
1913727840
1237406935
1412030722
-1381494630
1323415791
722611361
1090226733
919087850
-1518546853
-2088020330
981209997
-1924239520
-118954114
-1681510770
915041645
938015911
-922021149
-1519903088
1836798102
2141597869
-1031268335
-170952853
-1926954828
727795952
-485110629
257001087
1994975369
1788790016
424556133
129595298
-1616437013
-214084538
1414985462
-1458507390
-1735138369
-1970370871
-1997134808
1630343170
809483014
-868362851
-1342932771
716887919
1302299978
-800106
-1729051785
1341264146
-1127029141
1896320273
-609716703
-522887009
554893556
83370231
380830871
1766496073
-857656667
643505279
-1175265298
2028402077
-2001030110
-889490016
2110989361
1576917096
617612659
1049460094
1941094777
1981952965
1319636306
459182870
-1997318152
-1437097635
-849769162
561188289
-726877443
-1804540861
-734994946
1653196611
2085919108
-1918777352
-1523052154
-645897433
134932873
-2025429009
-1335282948
1584561845
1421565429
-161887677
-1497096215
-1064143611
870705115
744435004
-1638267004
-1784593501
-1273745046
-1602194523
1143664496
-1411937138
286395069
657093147
1191908734
-142818722
-1147267756
-1651711634
-1553960752
-1967730079
-871425295
-216890967
420183338
622224317
-384937919
1772494965
-889890966
1947445591
2069990708
1292441683
-686197075
1690639182
2025217176
-1642389514
-1456024389
1399108150
1644709059
-1815693835
-81697364
1514810136
302585183
-1951357077
260906107
-491486056
1188905434
-1918642034
-194722671
-389969900
1795566775
1362592060
-1914580824
-1263592216
119214586
-1392736269
-1275867904
446801173
678502359
-112970764
-271408324
664813682
-746878371
708163779
1132538556
80978989
781314558
1022979313
-981724057
511874019
-726222243
-604545462
772250188
2104660478
-1252740479
1155356888
-89968373
-489814885
1483001179
631319650
1146353274
-586416790
1667435081
-1615871964
420824387
982038184
1657067658
-1038496187
1782376256
1605783478
703459837
861453660
-1248013285
388455359
-1911619184
-25117428
730381400
-1607343140
1804710849
1524818714
1228709966
1270705501
-1336792930
1834942583
1265559244
1274512518
-226048576
1532857528
1745910119
-548369556
-468612202
1535659008
1393850453
-1659826338
130532928
50647405
50475533
-1372712865
526792368
-1169483861
-176081853
-409042252
1645377670
-501287405
1036132321
-1884205411
199179320
1654364097
1068286979
-1661285848
-1409584001
-924403786
-211598455
405511257
-224531993
1517874235
2031549366
1077832908
216574057
408444990
2055938604
1981960588
702361492
973628490
-517803147
1316675499
-45692070
944018463
-34478315
-66416892
-1730760102
1373433429
1603132199
-133080098
1130177207
-1260111829
-692184126
901380500
1374377985
1318930929
1092821786
1548438862
809633101
1519658384
2059848566
-695513796
1963182800
1347162163
1257989374
339688290
1544787592
-1294285615
516379509
1827353039
647179336
-463821324
1021754138
1574665593
-1415799682
1372236550
2127775574
203030460
1373163295
-472148534
1096799530
1082390961
-1480240124
-1221167763
680079744
1463175305
1460323268
-2058720541
388204947
-1139823239
-1007521946
-141596075
942117489
147461508
-14626130
1017437308
-184706143
1624357074
1410549874
1903089700
-1781004472
-1410664996
1886021329
-575011197
-830524041
-192819848
-1729495661
-1262865742
1800916586
1605019810
274831302
-171181875
-2028565431
802732609
543026601
-939432498
786722324
-480124184
141031710
-1879183996
-65040364
-1313506008
-1593442418
-2006056756
-1864072616
-1253722652
-1756462176
-698140925
-1768771765
-950093962
-57084116
-201159842
1252341124
-330068133
371780223
1506309002
-299080840
-1946746807
-1727598551
-2007475026
-1780271771
619672649
-1178924846
-787669756
1656929937
-925752474
-883172607
-1706017635
-2100367724
-856641257
182780814
822874582
-364801978
1249116114
-1794951753
-322645000
-1926595696
984744651
1005046874
-589912237
-1268071267
1275590642
-2105790728
-838446838
-607901192
124127453
21642744
149727167
586316115
1918920755
