-1168509392
1608179219
-430188410
-1445578537
1973239770
-1682460137
436040377
271239428
1741590595
-1907278572
547033433
-1692654581
1262586706
87659177
-756679447
-586289643
883923609
545572086
-872733457
1483388265
1568183412
-403948233
364890157
1144021873
335942892
-1394335489
237287216
-124762163
640161441
-1292150833
-552105607
-221501397
925724830
-81557244
1401269249
622927244
-1622441530
-2114710731
310778160
-1794831646
1501131082
1361185248
-1783183309
-121540209
1689700524
-116130869
-816748626
1322100253
-1336263426
-83811986
-2137284044
454553398
2062644490
-1428285910
-276174026
1590087708
984771896
-1245528697
-1308127474
-593117012
-1300276039
252239582
-1947659923
974973189
374870206
-403681817
2021385920
-1513648373
541495091
-1754724356
-969351202
468314708
-1632418017
-38993952
372959096
-89333640
669567848
-1863343428
-329836234
1273981292
1460431845
-535997238
-1877524936
-1435948048
-1574361550
512021837
-1471897829
995760769
-1141147764
890241685
1186181275
1385028552
1006083924
72348395
-1613573103
616650387
-1378210255
1555092663
1744059021
876365071
-422617489
1136870724
1791631400
739044758
-1716408671
1135155556
-1225613055
-956814440
347963920
-461625210
-1742573568
-2001917465
-275304924
1063419066
-1531667759
158946787
434454815
-412613542
-1190567984
-2118176854
2130014302
-1303515094
-27736586
191757761
-524102718
-48245422
354682529
1426613061
-54320035
-487468088
1135006157
-2108984444
-1565579304
-1176396014
-856677727
-210495556
886630691
-1312970523
-492891745
712427820
-1199213345
751636127
61609929
-1754642579
944022512
-900978965
93321870
1631652630
813237846
-626536080
231897565
334850791
1719582499
-337645117
849447886
-1155471200
-851361287
-504309544
-1490725593
-2079954499
56238502
-953099640
-1928799561
510296922
2086023750
-820447594
570890061
-222841322
395146484
1916677242
841035207
-1559237776
547339022
49611395
-945729678
510256603
727307716
-737206474
576154792
-1369279863
1578567723
241007142
-472447806
1822663581
544745498
649572900
1406275212
-1499683271
1781896705
-1721938305
653657082
-1572071195
1007580836
1569573711
-714651201
642954004
281879423
-1676958587
1978704660
-516278360
1551544613
1747015451
-1480820215
1168848912
-2011482302
792144948
1596260678
-161351188
-259236950
-1599671316
1289279680
1717434005
-656758747
-641052956
-1980016147
1715713307
2092331632
708400387
-1244775279
401057007
-976409019
-900274981
-984181960
245391801
271917328
-1551485618
1579307202
-978681276
1977626208
1221683217
1224970101
-2100959879
-425456470
-1614744040
1769773955
1778812118
1972666009
1384492571
1899661693
1529300142
860347632
2023153184
-767504610
-1129593268
620504163
-1010906330
-869838520
-1502056786
2077051297
-838157963
-653965023
1814685347
246547188
380213572
399761234
-1958652671
636551794
1439154868
1131302420
66737527
-1970663708
571974792
876046499
-1753124344
1531963892
1167610933
-143426058
1785980762
1030776856
-1928396634
781659745
713962531
875099899
1070515318
-1078656119
-1712137902
-777572798
631065075
594813914
-2248698
1077937176
607618184
759223016
1034649627
1789595486
-1516020392
-1890945816
378067768
-1466835601
-562890583
18550482
-502762467
-1304609273
218165964
1604803784
1328865047
-1250355142
-1093152859
188628727
-162232714
-216782686
513036086
-1321388392
-211869730
-537802537
-1345431691
-1006706687
-1404108977
818944696
682966470
-1644200525
-1680522594
695139164
1028350584
-752249253
839894839
-451972114
243721095
332309901
-1483763524
405027903
1115786151
1584693169
1568646827
1118410612
-1003007440
-1901948851
517756411
-1085558414
-890535646
269702224
-13748050
375367081
1280588455
616301908
432388306
-462087155
2072337081
-72034749
-622410728
-605149823
1642606541
1261110796
711754541
898953607
1079571144
-387489846
2130946867
1998025688
-2045775950
-507684633
611953823
1541438027
-405183394
1730891860
373714395
-119416344
1084848853
2121465295
1978697955
-432246251
-1130951398
-2092527688
-955153255
1637735309
1083272925
-205103205
-244538259
-949542408
357812979
475003099
855176916
1540258817
753344191
2065588438
-551407138
2070607905
708817041
356347731
450375024
1178060208
-1741788548
-1619077192
1276350638
-1691675020
-267943554
-1015411003
-274401952
933786669
-1218808072
-1500750333
1943763438
1509014885
-767451097
978498882
-2075640897
-660999693
1119892931
-173433604
1295400330
-939006550
629580111
-741993288
-1095675444
2107575650
1589157761
616542074
-1920336383
-1037340202
1159663289
1852379646
1784289711
829278049
-610414501
-77205822
1013058057
1015774785
156913346
-305808746
471158423
474713432
-1628340819
-883509632
-1145440278
1384830880
-1498583159
385724062
640592496
901005608
376930741
-1156196842
-2129698784
-419779771
1457047757
1222680404
-1411398678
683964907
-1712596481
366286717
-1181529333
-1147990599
131999512
-1634083242
-67471097
810096156
-132854690
-1726513397
-330173146
-114203222
-2056489196
-1973715075
835907276
-918194096
-1532225513
-1403321803
-1624838736
1804525249
1909103445
1903555681
-646711542
991577419
1852382775
886081268
-345642608
-1804454928
-1846444927
-778837520
1201230570
-810958136
-479037935
-358171199
-1621843526
1628239514
-787101444
-451910378
-639921349
1670352788
993498927
1663875370
-1481107214
-1437464588
2138493390
1876889424
-393258627
-1504790884
2029462340
-605444831
752956054
-267125061
1248820186
-1216513255
-1173531085
53527231
1295004132
-957446447
1484152720
966533622
426267957
-827426177
-1956916801
-811348553
