489681729
1978680068
1285161590
-1396362503
370226693
1510523701
-1904609129
-1548280938
546167083
964302741
1610063289
603234706
-1389321981
1854681853
102010538
1998078426
-2030986312
255355847
1499841526
-1524875467
-146175805
-708596879
-1902101920
1897099575
810576465
-38131646
1911211832
550631107
627530081
-1626385326
-402581862
-882533773
1082226136
909148292
-389916879
944310812
1985929847
1882247754
-658813938
731418162
1356851913
-282486018
-1559105491
1691306768
1379056084
-1268411575
100473943
1337572911
1262225429
994998938
-206302813
1188293610
-1033644923
-1360984529
1334331839
779448708
-1254169083
274260497
1170462004
1087466739
1957524226
-1461755957
857624221
-1110336344
-1120243818
563284731
11106247
59431196
-1152862954
-1585446876
-489135253
-858047451
937706804
-566793093
-1127360938
1622135403
803066450
-86762700
249678494
-1627169475
-885840148
-973367265
-1773794817
891384471
-1943215697
1208658373
858459518
1294464424
459050803
-576672965
524224482
1479320315
16619268
-1829888284
1796631105
-2028242411
-640008403
-989097868
-1559292528
132691853
521519670
557416606
1765498129
545829672
958815903
-1048560436
1669027618
1323259579
-954490517
-1121587580
-470236521
1128344669
1434349669
-1530820375
-1951883804
-199499963
849140956
1530786107
63740694
-1822987382
476514393
1434984698
905768721
1620779621
1186915169
-1205928633
-1499833925
757601132
-874772553
23390567
-341003440
-2112555525
375702777
1461230753
-835356872
-2126005514
-1350036376
-1178496822
2068982119
76524571
2062627454
-1584888628
-681400508
-856575991
-2082211093
1613436054
533030120
-2103584967
1143922070
1485190208
701845691
184928151
-1411844183
490613995
-201453543
1724969126
-335213609
1244955133
1990534193
784208946
1274611128
1963658000
-1322319712
-1871559969
1210155987
-1647541713
1933733087
-1035408770
1789367625
-81381250
-769337031
-1813430821
253595379
-1268137378
-1075285331
430663214
2144907588
1236430472
1015594547
1626191127
-1421127127
88522830
-1105658962
-1860459013
1636462866
357942596
1620655029
492207385
-1878521574
389026670
204257498
1918112133
473239037
-1874052085
-213384571
-1605663543
675890145
-975044200
2053222410
-489637910
148029567
467258073
-1718637407
-1876494833
447061693
-1506550162
-1660290917
-421023463
-1998270485
-45355065
-1434763801
-1349363521
664991337
2143103274
-597802583
1608430938
-1374021196
600023414
-1919239007
-1365351156
-1795037658
206300754
575613275
1914672986
959739620
-1712024991
-641858203
2016289971
-1212894104
1226273575
-1914424885
-1451827411
1835059205
-351026894
-696812028
748186634
750017305
556349222
-1091641686
948669732
1332006066
112352410
-217824601
-2052204398
-2060043618
586069520
1450688511
893904357
-1447548703
688767480
555673967
-758218922
676768213
468659463
1843170307
-539976074
-1413701266
-1023131744
1456542328
1195357084
-1577888655
907942133
-1169823821
711994652
-1957524248
705983967
-261281262
-50808469
1356941112
874245680
-1212186503
860122192
135603115
-1702875565
817830537
660418317
1272733554
1764052292
-2033288633
-459382706
-2033426535
1068486843
822288439
1881990761
-1283277007
402251845
-1369190243
-1821815026
1513266461
1172075752
-1398158698
1406658534
-795251480
-931371884
-1179164466
1177718303
-2089594722
-1255072733
11718655
80886653
-385393502
-1325941989
876664346
-1263947131
1159394261
289674905
-689567369
-495825983
333599619
-445649012
-136562297
-489743463
-1326111954
7952900
-1567798031
-1782784600
-1624837230
2010488137
-1596276578
1785177550
1641643712
-1738967015
-1168120761
1679612002
-1983397260
-701241108
-1668692475
-2125085727
-1892184002
-257459396
-479833675
2098024287
831293118
-1213393846
1317923362
803800454
-766267638
-730293946
1958270338
-1628857943
1276875315
-2009353152
-2039043756
-1653101292
-565249523
-1591981594
1339350075
-409101689
-72193908
1050185864
-1966250288
952821241
-146930599
-1588998180
1864664184
1691691666
344993470
-1369559538
-205774162
293307623
793630579
-1376421648
285151116
-1401299253
-1720397353
1550692759
-2140832223
-291976286
1792799298
-777057238
1966918210
-268252654
1057381216
1656536386
1262135454
1843213032
1504424957
-717750566
800860895
-884626343
1657165159
2141882502
-1781886993
-1110725730
-1062635239
691555767
780490475
306923842
-644897945
292188364
-1994910914
-1948082394
76603892
1957326870
1114033915
983326500
-1450036685
2129716423
-548817534
1612093020
-704756534
-856263065
1340646960
416339592
950737469
602896540
1600694185
2111280325
1063645501
2071426821
1978305768
1834103621
1989268722
-1258602116
-1342675839
492895401
489824556
148309155
-253068743
1204060129
1191099183
-444930567
-717312858
-1041309484
-74702758
1519476445
-1439299096
1500611931
1416477985
134995149
1512108784
-1559446601
-772757221
-770784108
1204420942
-1935737293
-1469704614
244189627
-391490240
-2117766191
1491550743
68997709
-1238197843
1527325070
1885533407
1128300689
829108786
974401974
-393186336
86763933
-1649191777
1780655869
-328520019
-1320295301
-137997133
1421188540
1847251972
-140455260
835280714
-15423235
-2050496180
-1825653367
-681912257
-1568562334
-866488417
943222252
-1825125897
-1113799808
-545771981
111285659
1197197192
-1234516536
-662558590
1759262909
444068941
1453484691
1607835636
1399760587
-131912656
568536004
1805019444
-1242320148
-366221888
1773609614
-391382411
-1756143119
-619565004
-2091641277
-1938001175
611427956
-1426464865
860893949
525476508
2100514237
199337698
-1539565780
-396270517
2041283318
1008859207
1629267554
-1965869640
