246461193
127584345
2013497835
89265015
56435698
-625256318
366823264
147170993
-1007666973
965800613
2018953712
-2073334396
-575336568
-707649083
-764842732
-2107928932
2114860997
-752139221
1625669776
-41124560
-854022793
-2044390565
1693706326
602888470
505584222
-1085198936
1984894341
1519647336
-580446941
-1053408031
1831991837
211919264
1387491503
-501070916
578887131
409947512
811507149
-351241986
-1456804347
1506128926
2102592369
2103617822
2046056823
-1487632458
-1787191892
-259885610
-99991028
1300933076
1576121895
-1488358483
955925029
730070157
423856852
-1726536625
993014293
-295770520
-1579857631
1933235789
-2063984761
85757536
-7169770
-83881841
928912990
-1123845912
1685465689
-1896504904
-25237780
1082829409
1698327290
2112360499
-1730725167
-537909297
-1902562951
1608439361
-1496879745
857943627
948584338
301008924
-1978506931
1574989298
5779923
-683605941
-227640626
1777063836
416056151
-1630986885
-172522540
-1746909858
-1167666420
187316841
-1413648714
-1692036362
1605857844
-1574691629
-785070087
2030652920
2099971153
-2094466772
1353385604
-1611522309
416284314
1953593751
711815296
1699689279
1470868119
898019242
-1723793499
-1734810270
1545427126
-1535228230
-654560063
-1354624037
-707533614
1375623938
-1039542250
-2111609465
481564816
-506715996
-145010761
-1064769075
430658935
319126731
1562750835
1394574823
26158335
374946726
867959557
2045587037
1494490839
1625426362
-339975000
-560272831
-1467535367
141789444
-445451427
339864032
-932476873
-227634466
215359959
120423004
2109535515
-2046190159
-963175213
879295545
508080360
317821135
1111674976
1872092019
1853572429
-1498594009
2135920328
2125492371
-563960536
-520547681
-684443643
-1386834917
-512853378
-1547896720
945351632
456418420
-366764365
1978353588
-1019560475
1080999530
-956455621
901163745
-204376002
22446046
-1428054708
1342865429
1164450924
727652367
1062812272
297665417
2047639827
326522609
346194271
149871260
-1023936599
-361250970
-439368173
1301700564
875927169
-473780555
-14744937
1854964681
1325099016
-266323980
9429024
171338257
-960925374
2139904722
-1235098447
871096538
563291242
961450654
1440826213
1183967610
-2046199219
389320238
-225230084
-1738568318
-1766153476
1092362505
-1819258513
1990700338
42317197
-239633419
778744114
2140311106
-1073582811
479965991
504006248
1002594547
1900475555
-1301394640
-865799972
-568614325
-553004538
1308535097
-511752113
-477286109
373141227
127174983
-1362410587
-1919285989
1854615035
1816584144
-703686666
1553979439
-814687237
-1737529303
1959618062
68342419
242259734
-83483059
718956323
1647331294
314377145
1483217171
-1280076905
1130060945
-930097496
1450046278
1090844606
162686949
-374019808
-842565650
-1308604671
614008124
1991808930
967699087
1904291348
-544215525
1248248597
-221612022
135851702
-448442008
-1244948853
1692396991
-1608672722
-536127877
-1802588999
-1281164112
-596588421
1979223921
-1711548412
-85619894
-1591019197
-1725762742
688289795
1405021799
-1872593571
1809517915
1736337784
-61460743
-1154233984
17267574
-246591662
-1140210055
-837996123
1655939447
428947088
-900685887
-1109810866
-661030436
1753039785
-1418374558
-1835637849
1661585815
-1482249948
1348259803
-238404740
-1974334307
-1148636098
1182744737
80668588
70363860
102206286
-264025276
953797518
-354530457
-1889979600
-2054348359
-1467094838
-1195510917
1159398876
1729259523
-580290064
1638657143
995439392
2079035884
-2048171740
-330421704
1690776907
2115136649
1022036525
-1293248861
1220772571
-1696942151
-1903467751
-409913946
-1058411806
767127557
-867339101
1763694726
-832319569
1702915471
1814047125
1727829207
1229550983
-1195157958
-29952248
1742124634
903438623
1260876125
-773609
101775896
1375983576
70544629
-303539029
1660630165
-796158620
1749389769
449163158
-615612976
560735989
257578121
1187976309
959830613
175467615
-1369085201
-1838260167
-291610715
-2121157879
-951408870
2030006402
923762698
-688028339
-1350339840
343191208
429750817
677556793
-276961792
1596069761
1028097791
-391639666
944773933
-350569616
-1322342191
-929415271
-1612214467
-1585955559
1196626213
-672663420
1785542288
-871402291
-1455891100
411789260
-74895640
-535133388
1963783362
-1665493604
-1231957332
-590473698
-52184234
1174179982
233809676
1149778932
2069111893
473634007
-1187750428
-1937338315
-1410285198
1432604205
-418947293
-14412661
-614441670
-2043798175
1959655644
45274036
-106585100
-1962278033
172512942
-1693583581
2110445459
-2000890827
-937280236
320685274
-854788951
-1461752894
-1621959006
-341506617
-1660777609
-48276734
-1172655812
1072382451
1203365602
-585407609
457491488
1761922810
1505397871
1089590438
1269328354
-1058324424
-1305186589
-1649499833
1476896398
545128071
233440596
-1014387474
-831114782
312900777
-1738978989
-1240008262
-1717248621
-75520138
-728591450
-1596647525
-1330763728
-1049777884
-1374170000
-149506050
776200356
116777360
-1322806885
-1138973992
-1655446632
-245627553
503450133
-1439208684
-1517672898
-1856872361
70773907
-1807669430
1603864258
802759207
1222484978
942703676
-562488269
1892563604
-2095795799
994018112
475322864
-903986712
-739202228
-2011919775
1173650840
2019885459
2091686580
-823436904
505644042
573514749
2030567178
-1191689086
1581158190
848843676
32143128
763937324
-408457368
-1018817170
427339344
1054253416
1514185256
1734838875
1711313023
559695961
294671690
-589222006
1865210121
1565906595
729522069
1615980732
-936586191
280102639
-39219198
-632634324
-525278573
-1902049725
-813703404
914948608
