758535450
1537157269
1260708976
-997662800
-1970998155
-1030547260
226935584
-1793253921
-181085695
34576122
10869773
-1519018967
421719277
662560130
873300096
-1938574834
1201992682
-1827153057
-974375560
-1546367309
1675714746
2059480086
-790378873
-1044606745
1173262857
1105793690
1116441122
-1668009635
587735186
1447474685
1831244463
-1625262203
-155121486
-216383091
174706627
-678290160
1927154491
1183097570
1954141735
1998917446
-166987661
-670155104
-1782278207
-2021797043
908193579
-1725868275
1945737027
-1643998594
1069104122
-220685901
-1481752992
-1887902542
1414192212
-53977094
1520246205
-787362338
1550579389
1211300004
-647290687
-2127243519
2001304740
-1297134303
-1885860079
1554603832
24589089
1662428987
1238811492
2101589871
1731717749
-458839735
-1272766800
406977933
-1021104704
78024737
1546286210
-893652120
398637667
-139250482
-294364622
-48111445
436806721
689390543
1261968122
1867620857
1765201086
-268503450
732863895
328348087
1707920799
254991138
1467251516
-1161872711
1586764059
44121990
-1357879115
-673335558
-1534138803
-1263040523
-1248358273
683159521
1580329549
-413689492
-1058010412
1795630357
-263888524
-919947743
-125504034
357073268
584943160
-262702321
1576368833
-31659128
-877431339
841194177
1795520630
1353425250
422464086
1797395981
-1819412957
387143934
-475853302
-1665062697
2104535197
2127780239
-649809549
1016419411
-305985490
-634425376
-1453705569
-238231590
1822453264
-568079903
994907673
231279436
-324157633
-1699666002
1877327289
1310995792
299126863
-1443458457
-1743259122
418324620
1129097910
1614781569
-1926905638
-687282831
-333800462
1740382082
-252420103
497325802
-1339558196
-1992466221
-853060980
1723642960
792153067
-897820732
-2090109028
-554281730
-1438722637
-342325846
1049247363
-351689795
1108642746
95389993
182161318
535963167
1949914704
1299279064
1404232462
-1106112768
-1452900714
-103318428
1652545789
611983159
1095948918
-29571632
425227316
2054722344
-488090150
-1035926048
492340930
-1419137071
-275384486
-1967677011
-1168276236
514133115
-1295116639
-894005996
-80515071
2107378051
-2137583859
1030108895
-22517562
-2134524410
1361673545
246024049
1353127972
-201559494
521966919
-1280380049
-783881432
-1006530309
1542232391
-194347082
-1078123296
-941423617
-49056477
-462998617
578855520
321855599
-1880739657
1520758647
-1888523962
-1380194279
-868520781
1662067067
-1567849500
1914925027
-788094108
-1185209111
-1471010895
-428903566
-290513616
-453199742
-830341785
990692364
1472095526
-386323211
1245046303
-1659876594
-1078674145
22841489
1079839783
-1224127
655174165
1948324309
-888980651
1564363599
-2021305167
931025029
891636434
-535080784
-1164356446
-545466021
966960160
697223569
-2117666447
1717338359
1354821952
619549691
-244313553
1295284060
1426173084
1487220055
1957369947
-427564210
-186174761
-1666804605
771385441
-1912131838
-2067162384
1157410175
-454174905
1780785611
-380683963
1693249277
-860228637
117434966
-1990886360
52132691
-1591919936
-41607899
556909761
1185180567
1563490517
1682787129
-1591151540
-1952314173
399648354
1419572066
-2005581858
1549825747
348587550
-653138397
-1781719144
2080868851
1011819401
882214894
468862738
1919597457
29291749
-1569986285
-154496385
-1371497412
-1622383547
2084843660
-100173902
-506107611
-966982718
-1364321037
-560697880
-1533084441
1840894125
1724134642
702142914
-1583617238
-1049764090
-445920952
-965722167
1334340980
-1003737749
1897978262
-167709378
1353106660
-1092106598
1439095074
-179451445
233389652
2135021066
118795175
1886116743
2037159023
807296847
-2096061173
1618955815
861635730
1082193788
1310841037
-2128397446
1990011812
1124997388
1028586160
-438760418
-1386019208
684644650
-1461007073
900083751
310864921
-1282105643
-825596893
128817421
-2088942346
-1048747473
-1408919747
-1994011165
-1962375990
-1674197871
-1293348635
1828662217
-515139786
-1657660709
234897835
107657185
831576573
-1119466946
616006223
-1180129487
-2108833811
435105301
-1508564436
172212094
-2130596170
-783887005
-1135579735
1419428089
-1985233165
-233552812
-90239752
1627279175
1430185698
-550778661
942059835
2101276805
1290321148
422806066
-1868811293
1809938781
-1456226001
-2029442091
320296089
-669183462
-450950628
982969672
-297841006
-1668192329
-1913368209
-1830162558
947719698
-1612238691
-236004346
1052036973
1863726469
-363468800
541218949
1576834892
1164495429
-1050003394
-1560151029
1387156556
1243705453
-1361402483
-264911234
-1084057221
-1299941528
-97693825
1304231280
414343858
1093759233
-720267375
758907285
148710767
-1548469447
-1723519292
-491087207
577437627
-771307375
380241822
1309767717
-929698528
803409138
1722088632
653805195
-1471161845
-1779928931
1347127681
-215207498
1221241338
720665279
-1748371330
1421526331
1635574600
1335213489
1680638248
-1706520536
-994832376
-105602778
908775905
1838498405
-1696994972
-1946302858
569153184
714282863
-1498510651
-597946531
-1830823462
-878360746
1164911351
-240473217
1095002057
591521644
182928597
1899237283
-516534172
1670385328
-458422007
-1232345295
-150027781
1253162876
-1455119589
983665528
473333580
1206241120
615788641
419703381
987383028
2035460903
-1230239230
-755437558
-1544745352
-1252930410
-1214691576
171581492
-1000389577
49430526
879624489
-1988062561
91439460
1529048916
-1252503683
343782336
1019505312
-1856924892
-1672014188
-1654499907
-2119091068
-1493755939
-2101748218
-1155935018
-519423641
-1340989537
1856038083
-983728403
224425306
1608908962
1830450618
-427328477
1262522143
-356120695
-1771932102
-373395139
-1658933992
