1339201245
-2060536687
144413818
-876939698
1590620705
1211976002
2105158868
-1104834568
-162682671
862195711
-64569356
2132466068
579150786
1688844647
1671643664
855876447
336779582
-207206530
-820220738
1282906967
488018512
77336460
-1533655911
-91390561
-2022731547
1209657490
-2061525029
1058893074
-1656372567
985431160
1177611139
1957276847
1358978698
-1084892111
-841458867
181335398
-945764479
-878231526
1837039072
1413190440
-1938573757
-1900721156
-1018092916
-68270158
411776131
390902003
536799396
-813808333
1697813040
329215419
928784679
-576526285
-1621964031
-1881065379
-92924062
-1219561650
-1464916027
-1597683216
-1874711262
606930766
-192648678
-1567125066
-1422230830
-739043415
1349446876
-686424057
947408928
405024138
1507172150
-419190757
-1552123669
1971732919
792297186
1789870096
-244705789
-1734724760
634561381
-231012633
-1105682291
678318977
1424167254
-146672726
-1494419043
-455635186
-651899950
1757920642
-1343233515
1589578262
125738959
-118331439
1737869761
-349081381
-1138960044
-1520692712
1033288939
-38368360
1163106924
-1053066498
-1399116567
-243810713
-1641751182
-1929800076
-1129538168
-1822077514
1602988625
1172029403
1858720195
-811860468
-2101356173
-1791716507
2045898521
2007017120
268179953
-1720940085
-96071825
-215396404
-629376498
-414757082
-1633407578
680042113
-466350810
-1681691003
833637753
1152924939
-503008903
-545170685
-1722967454
689885665
-342758315
1375027197
1126765505
1456704915
-1424499273
1462666666
925549692
1532139924
-1882457985
-765075496
-522483322
760634905
-1325425308
1177726973
-1160543472
-188538345
819484889
237128295
-1802849040
-1749243686
1217922934
-584878308
635307356
-442518086
848015491
421398603
-945207235
503064423
-237186282
832295550
392453016
148966634
1347657650
-322486234
-1425722895
-2063155772
-1433025966
738114663
-138442457
1469287207
-535917842
309338343
433537434
-987332921
962686273
903707640
407498663
-1724577846
724007477
1113057243
-1684563331
-170198613
-813318991
283690843
-1289985697
-121601402
-410410789
-1289256081
-1538583894
2090824070
2059234843
-192900807
-474027432
-1420323279
-654625221
1352923704
2029872663
1498754711
637784400
1466365741
-913392775
2004948422
355676615
1344242874
1648808472
-272285867
-1939479463
685899320
-351510535
1432517674
1521635288
-93359393
441236974
-2144139768
-621580642
-1155805088
-1153331948
1778774341
1751426479
-992895586
-2096969082
885170802
-1099434741
481424444
274284381
415690246
1945925173
1166387450
1472231619
-1734509648
-746951242
-2062433251
501686472
564448609
2024991698
-1379097163
-1777911122
1632217676
566576027
-427056758
-1026927311
7010645
1678715138
-924312512
-1395852644
1927420529
-1559578200
-1291120802
-553267624
-1759375529
1428511576
-1205679169
2143393881
-729039866
-383872861
300480732
1606758011
-1625931728
-1349525110
-1610585985
908367861
-749702766
1414379629
833278269
1732245465
-1327694956
416186767
-1760402608
2072953605
-1495595318
26858952
-1003869503
545624026
-145120947
-254575771
925338614
-78090134
1409351491
-1638472409
-1338916313
-124012211
698773880
-810436886
-324269593
-1636874673
-1483724250
1968768794
-166081520
-1136404219
-302251276
2049957626
1730877654
1177263344
880879440
-959915993
1590436107
198473531
-714430226
1186298305
1100157104
-1149409110
-1584691937
2108369013
712348156
-1669203605
-1931068346
-743400579
616288462
-978721851
-482861574
-1500154997
-1963278114
1369296976
1994538903
1512980882
-1898826157
-1067498973
1094258956
-1883979599
-206660332
633213848
-887691060
1452156148
-1844616026
493058685
-1854404176
2051931345
-134119967
-1163804866
771336607
1308665286
-999014927
952385130
-231108337
-445280504
-722324836
-871198914
171013813
211661168
577957602
-2142712459
1673771930
1981981035
-1292390198
-1717456697
231987327
570025467
-1054266802
642699844
-1472462198
1428005560
-1689732833
1841186918
456081287
214924379
-372981550
-419215294
-570095866
-2104807382
-499532193
1051301358
1962696506
-475574491
-256145370
-321773269
591736184
-1713152929
-1650493963
56707983
-1589109736
-1132014355
1846970355
-735917072
763216455
-515864795
317500498
1437549693
-607921660
-553291354
-214524658
-1615795940
-1664799283
1878890380
-2077367969
-1628564073
-1607972076
2126138448
-2064444498
1204655056
-136718625
-328106320
-741994971
1249007272
-1442629312
970872850
1399870245
1204530948
-2051867889
-897588404
-133228029
-2126562932
-833259846
368766420
-809843515
1986852688
-912386953
-999068234
1272755060
-354257057
1183667232
1044137576
1529914927
1022534389
-1149314831
-1045397913
-2023845625
445284389
288305918
336979745
-642180187
-266866300
925833736
1141452657
357628111
-718044744
-323218761
761843213
1169340144
1470887959
1752160814
-1418835842
-127845255
420426854
1816262744
-1032517879
-1629634676
-466277268
-1210762567
-1646360924
-147986540
-379233891
-471786533
507928557
-1466423162
-2036485316
-1989143335
-692661361
679408703
-1218802801
-779880225
966326310
-131962125
-1670949394
1883668625
-167949065
1572522213
-1935676683
-141773657
9293573
1843487152
1152484383
889893168
852654963
-1552788271
-770765885
171704461
726679395
-639676147
1629409034
1519272790
1669261500
-134953757
1000051233
690649028
-169734845
388592352
-287668220
1900939289
1855675902
-2030943392
-782937865
531379115
1228502647
1157210564
-1679848576
-164321504
923075794
-803437352
-1998463115
-1223478340
1242110680
-277417259
-1118605841
287567972
799528187
1440336964
1760972294
-152963496
-97707941
-386734771
-241201791
-1763588060
1020210671
