2014229683
-625466934
-1880240228
1061185450
-1508985441
-2118073231
-1434334474
205350517
-1729048560
-491236363
1328351923
-1671268753
-1931300883
312407687
-984586991
-1648408345
-116113995
-1743093340
20650475
429967273
-1161826693
-300290950
181209714
-1365307591
1305371363
-1741472829
483169222
333606905
-1364137429
2028051887
-321762012
-1998537484
-1865418291
650967448
599194126
852617628
-717792453
-752482644
2108116609
103617255
110050118
-1071105123
-1041869825
635931084
-868744282
795123070
-1943964940
1986816215
1637866009
1059458001
648441838
-173228216
-243849056
1709475353
-967902160
-978589522
-2063479982
1187762648
1234579443
-829238898
-477001356
-2018127683
1397502072
1870426515
133238730
-528412953
427900535
1352554142
1239466042
81299768
-2031764494
1491419265
1517884552
45900673
-1298548756
-1926774938
1436385891
-480861010
1295762923
-1623589558
-104336233
2042397704
1905794068
1622854084
-1969076125
-1943346330
899228591
574318338
-288393025
-1797443186
566140728
2062417555
-414571128
124421166
1236778304
1989063386
-718096494
-1558456941
710033342
760849118
-600242234
-1175526625
-1542917256
259656932
-202005440
-1089657908
-1803919135
-707991560
1144958853
-1393026311
1049907256
-1891873365
824647796
-892886345
-20607663
677133544
107195297
-1102574535
-1313732144
-367786620
1631280948
-1858387786
816816474
-143243431
-1418811482
1124198388
1688451213
730744495
-75788205
1494238113
1584524809
-2086395644
-2019109911
1866606344
-1501740132
-1587501266
126614296
-129396515
-243650182
-1627544187
-429866453
1415827548
-2116824204
-598609726
-120154325
250698168
-204274524
-1713439734
-267747385
985821283
998347314
1883009071
-757048879
-1711217877
1484879427
-254508064
-1159821171
-1097509541
1661967552
-1824489246
-187370653
9695585
127673047
-853642209
-1663077616
-1838191038
2018558881
-438133671
-1570476532
714723653
243116592
-1353924465
-1649646832
-505916607
1703813696
403069458
790270131
-1687359624
-1030725736
-499507967
266300643
-94626054
900224643
1646700825
788226104
2063853874
67169592
1305658586
1862270684
579224731
-1399786063
982998973
-2040029242
1125469238
1254792108
1847768670
-1617799460
1364654616
-1798270068
-2073836934
2136982757
701704835
-1030743597
-1350843553
270388170
-1682571086
465983394
-1182147880
-279725925
-1112663223
1936987277
1015003483
-522566715
-1256846496
308693767
718219271
-636190601
1804298096
-1946952505
291153172
265603173
1528336448
-1496545762
1878116797
-1380581171
-692277412
1236684739
1831125673
-1646690312
1859324101
2001552761
-1588397970
1284582297
923119939
-1762081514
-1323807802
131703047
552377110
-719562073
1608345106
448264912
-1242782239
862008053
102715390
1181156675
-269187019
-1745983427
-1844967168
1691345610
-172512432
-653439855
467100648
1022806303
384476536
-1002875309
-1430608092
304256115
-449369139
-731826881
70058309
-1285217766
88334955
2128241091
300974881
1133884323
-1605791967
1515761340
-1436981243
2052216733
523616911
-640142333
-679787239
-379464298
-376118288
1244168679
-1058111643
570398687
-2056517193
-2050828320
405681202
-1295030580
412561401
796981555
709130362
1548210548
-1156578622
-1048993311
-1380490370
620523957
404239234
892082043
-150199163
1247904210
2131503361
-1945886590
-2137227217
-1332468957
1910968142
275093027
1075290999
28623695
-164501606
1855075767
1339559466
-1769192216
795274968
-749556240
-950786257
1531687781
500938732
423345681
-229102571
1082651423
-201681306
777411612
-1473374102
1422507419
-199463484
1431919432
-501435358
805260959
-387581626
975180231
-2101752380
-945157491
551170994
66061590
-377024957
-1407625681
1397619869
-799260943
-66379188
1492106367
954167856
875024761
-2089381247
-1412251211
-718059243
-680539183
1425617747
1229729312
-1911451692
-955881643
-1239289407
550135437
2054642651
282962793
671402101
1535081584
-916371178
-1308230087
-1639059090
-153491985
-1515189465
900113847
1945683999
104418905
-1720897261
1996091446
-1861980586
891461357
-1355797659
-2086209867
1622309116
966292022
1436411217
2069614980
368887445
-35009883
989400988
2024640557
101665010
-1021096849
570498281
-115376545
-579444584
-1434135794
-215417144
-830651742
-1281773738
1860917634
-241403919
1333829144
-521266991
504426365
-1655996845
214133904
-2057343087
316672105
1402207733
-1909807073
-1931702022
-1132858848
-310825517
554994509
1159804235
-1834830735
-746150910
2020062432
-1489593013
754689883
726833625
1664714080
-466489486
-1970116400
-810678913
-1819457071
-1025870557
-1558863476
2145880638
292873335
-1961455904
-460266342
1501932485
1634910250
1057000728
475559930
17086889
579738398
-66151182
-1933294609
-931775633
971858660
-174386848
-8811036
-1983446467
-218457354
-1902011438
-675270647
-88710878
1659119839
-451100260
1786423712
-1809044542
158064176
-1094517642
265983641
-1266844048
-1574491095
377235012
1037780359
-1297306962
1397563140
680001697
887275354
-142339095
-986821216
30154145
-621703362
-1837332494
1972996980
337069391
-993173757
-2092814931
-595312863
740436145
-83557257
-1086657905
2085397116
-1216783046
-553769308
-541288195
1872486597
1178369802
1641523863
-1035389461
1495487186
-2066950407
-1020745499
-2002478967
1135627601
838615179
-1839193473
193066867
-2054016102
849431642
362561874
785151581
1248772850
2097772148
-426301322
611362568
1808630334
-1937869134
1429800069
-90581207
-758153450
809526161
121509026
-1759346971
1221981235
-2111663877
1246984734
329140252
809746800
907569903
-1896974380
329899533
-627312816
2088587938
113978915
