-2115541511
1734344346
1172654005
1008326831
1008805256
-1211064922
-1017249759
2093896752
1616740083
-182896093
1567295294
-570013428
2076536587
-113023089
272531463
-356072045
-2052647293
-1065585913
-1738303830
738908552
2090929652
2108085225
232792173
-1646804655
945978574
1394575607
295937910
-1065742958
-346603309
1361747705
1115287482
1977090906
274495583
-1637451409
-1801282767
583027409
920813540
1585900132
290266845
-1872168081
1253656654
1616488309
-1890300120
-1064318140
-1617427073
1283722978
-1309040350
-651370370
-1006569035
-460046211
482091223
-963646186
-1279819929
1247412075
-1851981283
321245072
-821658276
61221235
-1645173569
-246494861
861566075
-1273964562
1298836764
-1094785071
-697228952
-1959325961
218295947
909698145
570918595
-878927490
-1524174995
-692232530
-1318280929
1527069600
1974145165
1873119693
1457736000
-1963848745
-1936938616
346339682
238587430
-1684537993
-814482314
424746003
-1821315205
-279460250
-1315462273
-329361406
-1249594508
-848454637
-588006822
-1107880130
-1213087527
1248209923
-1657730950
1020110881
-1024035154
268583542
-1200549539
-1402913105
-1128902007
1161896492
7725387
1531463647
-654880847
325069558
-2047389317
79344676
758713523
-446665067
-1483747089
26100404
-415717589
244395918
876609028
8727905
-615389260
1361561388
-443943421
1297134058
-1717880587
-955605503
-2016449000
1931825069
-2039265780
-982688793
-2624591
790607087
1951858978
-1864833364
-1488344555
1081151797
899801745
-645802754
1285641327
1311551582
1887460368
130299720
-1839236210
701916966
1207777843
925904029
863544869
913225171
-1149723816
-2075824848
1142732309
1632531125
-1197953322
2122653074
-442885094
273312443
-818537953
-1566851933
-755031482
-1950682153
-1101431096
928380644
150036244
-1993548238
729371705
-1708273184
204937651
-2054750571
-1163146911
-556632623
483885296
-117135245
-1670382139
-1068637559
913761291
1081467270
-1219034244
293214735
570370835
1275070635
-1183659024
-1437919297
-1272772676
346472190
1976398359
-2088950154
-1149786196
437422142
940897075
1327322641
-549542641
-481935032
-1878855923
1958437459
2079185478
665988793
-1816834816
-1215448626
853377949
569862643
-502197900
616183042
1783745164
-261471837
348676351
-1424022715
-2004999880
-385340521
-1183692400
-1072633808
-706148630
800041788
1310474587
-29157155
-150242672
-1066276396
-1355256053
-678995900
-743439575
2038992826
25376969
1646370615
-954303770
-1845567352
1568328919
-1114895570
2093068571
-738882393
-880627476
1792716041
422038712
-1971638847
-1478428643
-783073860
1644852543
-595936150
1323673228
64549813
-2100908245
1340103618
-1741635122
-939004225
-1182216443
524789180
-1345872458
-1066304437
-776761606
-1680926354
1345095094
-211317447
-668651644
399150669
-1352628149
-139416262
-1826446632
275436377
50503033
-751716564
-563634350
1665064934
1992264484
-2112780794
1694263700
-227500765
1791210366
5974539
-311378685
-508421308
-149448497
1130381617
-1853617002
890028251
242015457
-1492821275
1409853643
-1717088205
1569071745
-1782730266
499235022
-102868114
-299608667
-220389520
-1562634781
-1085006239
995315671
398523234
-630594166
1054935844
-113134515
853250468
-1958730058
-291585653
-640239701
-1906764742
-1176781269
-2124919497
1385999259
626079016
1239804621
-63071852
766442151
1453511408
-1272622611
1059537891
65774266
905303805
-1069649477
2083061291
-1508111236
-921991822
-1479384874
-1521181076
1568620252
1673468306
-228611101
1669431216
9469898
-361905203
736483818
996552921
838731624
-2015844767
-1348793120
1056260227
1793133566
-46781956
1344890115
896191842
375960098
248295026
-168355594
1732561170
1114865266
1206662561
355811341
-288922890
-1496589866
-1005112498
947261418
239858042
-627829656
2109152426
-1358398343
1170834257
1809557381
-409108258
-226233581
890406281
313824482
-811602250
-1189580246
334730437
-1336147524
-503563139
1681831951
553319158
1235173520
1224239170
2093021410
-1737197804
-949724768
-138354071
-465718347
-2145327587
-899381368
-1247300291
-355176676
-210467190
984068481
1176300047
-494574381
-1902541680
-374323596
849199697
-1653905299
-1412918774
-375633471
-1427657018
1907582022
580168582
904199138
103274421
-1493103456
412141273
1820083024
1306741055
-1191464923
-769899311
1720537947
771757415
-543740728
1242535314
618363421
132273994
-12378512
-1773624065
1121943960
1375822989
-463610125
1846403767
1986429778
1491328853
2026737156
-1396923482
-1641653594
-1582495328
-81909080
1859310426
648929911
2047405850
-903463083
-738198026
1527685613
-200209007
-1468973544
-1192954050
364306484
-1060455029
693891397
2077830064
-1408621561
1714468161
-1858786263
1282378206
375498167
-297164715
-133613856
-1761889958
-1619203230
1792300789
-285776248
1497446015
153570640
-705407720
-2071974594
522274510
523061136
872693639
-1298617368
68838495
406115139
1095491266
-2044754752
-1800878857
1502169536
1237164682
501946380
2118025712
1678147233
255519534
-1387126946
300280377
-2130326428
-212550454
1449744248
-1825766494
1251525082
-1415715534
-1544482887
-1112130653
-2058920466
-1712106117
1216572206
1048628639
-1822483915
338180101
673205626
-961087717
-521129293
1557448703
-142428834
-1136222039
887978482
1794479687
-1523780022
1186378155
-419438333
-691921891
-1440042909
-581919565
-727537308
-49129940
1339748703
976909884
1613126305
-1388870723
-1411207177
1264296359
-641915579
-371996390
1986922586
1221388564
-930866716
1762552059
1551893682
-997931895
1342032368
-648821213
-2137413159
-1511130191
735674717
991371102
-1947025295
-1058156467
714386992
