892905630
-31366689
795945469
1867126343
-191882349
-1091135392
503947679
-1223731292
1786312263
864678323
-1165276953
-1522034857
-888613651
207687674
1411266851
-1170540243
-2053759135
571989178
1525918489
696720384
883274284
-1595278399
485545433
-656165169
593196619
1271048038
1472511878
1806620481
-1117772847
-1760290698
-1376181938
120215349
-217528713
1068214120
-2141659403
937251375
-1726030058
354623925
240005860
773978404
1561975011
1023170997
-1867779207
-784908432
-1668863726
-375506545
-213689109
1105807225
1898044677
1604515211
626247129
-914223595
994328287
-1457279280
1924126171
1164927708
-1177633668
711744379
1571109308
-644086431
-523321335
-1354962009
1248106036
-562236167
1611935151
1690872895
73326992
345925144
1502121084
-1487801181
-1227960145
1850731204
894023957
422462748
1802634691
-1119068103
342134452
-168991023
1893231550
-162195982
1170564924
-1341002913
2061843020
1400868163
-254624491
-193582689
148937026
788716209
1468799775
50022641
2037603404
-1568179021
-2027085593
-36556476
425064341
969705750
-216201155
-741852187
-338616518
-1578097207
-1762252542
1582672918
821249461
17868847
-1267401199
-438059906
329922758
-1632030730
-306663610
-899231185
-1806426209
-1530359916
-958762342
947971603
-1555282691
1946469740
-1262822543
-54879905
2031237104
-1612537098
-1743447073
-996479044
-248466557
1992322876
1655033500
-1098054773
-1798283316
-433442901
413106476
-1040946842
-1950384094
1092429959
404647531
-318689945
837034378
-1567421014
-2004432007
1243238543
-1127072351
-1857106762
953221009
-1009165862
-1764460944
382094029
1786672424
-1752426859
-320502485
626608366
-235671434
228035682
-2129221178
-572523079
-449897082
927318290
356303095
900821712
-209522079
-1236396885
1595741194
-1031365793
-1964232583
-222227248
-1492253785
-2070372602
1210716348
1888293746
231986497
191286320
-366233435
1082711446
-174206163
1935199926
591572372
-352148208
1850044283
-1401569686
1145667212
878838975
-1502979272
-1719770736
1151675064
2089099550
-1261652450
608290327
1520516272
-753366683
-1347290731
1120011497
869537252
-1651886683
-350552632
906303073
-2138060719
-1959352425
183881618
-630243527
1567550752
-1900844527
-907413779
-337619428
1008876234
-1729834396
2117805523
1662352891
-450646677
-1854507375
-926691483
640261584
2105426383
-1391028513
-1247735230
-1992295904
1555262858
-607410152
-1345846963
1693455548
1067958337
-273487408
1137624966
340801494
-1908554821
-1111290311
1651853546
-1778332762
-1788708063
-322524504
-1135573352
572678976
575818196
577762304
-1447519069
-790788653
1922606679
-1246503041
721994977
1545478583
1771820313
534363327
-1088738069
-430455226
-128056962
863898591
-1643359313
228883861
-1691741932
1138352776
-695169360
566452735
-1623153067
25982520
1300943323
1292042242
1431768491
1790640983
-736719373
-1167296289
-1502617028
-806798827
708264665
-324970166
891029640
880930108
664976730
1343227018
679623409
-918984002
353177048
-1908111766
71908008
1243460396
92201967
421427706
-635436304
-1591819597
-526308763
-1428328186
2005952938
-46344304
-2100494378
-1410603176
-978586541
-1818352337
-710950346
-143068911
-1808000694
207258793
-861021306
-1873260159
-1435593536
1857591984
-1626827913
-2140825195
-1478299789
-417672217
-708577224
1051173326
1734372253
-2107174609
2069689790
-1044304991
-2089858624
683634372
1258717181
-1543708311
1064964175
-250303016
-1776243800
1305805402
-39465425
-965410811
1148120497
197195040
-453083495
-1102517559
-1796986855
-2074402674
1771339641
-382115699
862935582
345592876
1259761540
2048790042
1909194632
-1239743167
-1695885856
1764276876
650346898
1747093167
562281490
1939300593
-975514497
-2091429611
1983291424
230633722
-2023532474
-1294403235
1644578513
-1240363505
691211534
-790144817
-596766990
776574255
1889903166
-740837822
-1883086701
-576118880
-1974917530
1292163273
8668126
1093884093
-1132095563
252967186
1303853561
1870768022
-1852291560
-1150147846
1208192729
1977301168
-1017407904
2000468541
1133313524
1203757646
-837780894
-1035707395
-1371694486
1216459854
2050272004
-230574774
1051204281
-1279941575
1480137647
-797953503
926976443
-1615272424
-1371243513
-950496555
-470994241
-1830804121
1424515841
-477506510
-1908051232
1382550660
444288652
-51964216
-1658197009
845253103
-33541036
1236102889
-1436556821
-434456906
-718662582
1729881266
512720015
1923057200
2051714114
1830277538
926109333
-781305316
-1864148904
1420362927
-1776512585
480342622
952156340
-1441607859
258578727
1346682641
692672921
-1439631181
-363914374
459093378
-240715949
-513608584
-1820267328
1705436439
857772016
-1910491716
1752349453
1065410904
-1781585524
103576912
648094966
-582024134
-1985200590
-786049996
-1247063289
-958908403
-213546421
-528560533
-316791320
-1702747033
-859877350
-924130146
1936631433
-840741922
-1194084278
1027411908
-1031064587
121007217
-2001125103
894834638
-1221866183
-1837553693
1914586541
-1704181106
2114113559
-1905992061
-1415834280
-655834501
-829876960
-1044319731
-275332784
-316935465
457091240
180024667
-1584449994
1350472045
-1840196279
-453312813
-1064939633
928272066
-1506559352
-1300100004
-925515379
895353286
519195181
253283271
-782501110
-890014374
196475103
737629066
1733923556
-514994901
172929776
1360960368
2044067124
1506967624
-1161926162
1992687263
924906506
930026806
1374807373
-1349197089
121797785
-785441554
-951246681
-288176125
397084720
-883182035
111948015
-698509085
-1665870336
-145336515
1167242128
-1848433886
794049416
540363240
-476551837
-668870539
-2128396465
2072840618
939070282
