-511158002
619152668
504456777
-2029320892
-1961751051
272738714
1235200321
-1003557119
-224984200
-1658038123
1946927064
148696120
219519299
-1202995152
-538523754
-430868969
952902234
-1151615791
-1451284992
1885443868
-1160866822
361655355
1849938924
-735465304
456513207
-18688890
728633202
329351442
1282167282
887299009
-1159433464
1497308218
1200269709
1616025426
1103315548
41539074
-1481573302
313593422
-1072152919
-699239116
1205281060
-319683433
-901424524
-1722047591
141020493
-1944953924
-2019184988
-1954918994
-443988170
-1246520847
-1773071089
-9834362
-2066316559
-1098185972
-995696941
-36466682
1228092986
874433413
900038642
-844664568
570054986
801090774
1950925394
1189079933
-629518353
-1043834604
570409764
-1961857699
2090315015
2126358268
1647693915
1096650168
-1871057100
1802830906
356469008
-859553765
-1184827314
-2044604429
-2051503604
-375419738
1196005573
158771005
458661600
1642436340
-592338863
-1303914270
-1591362028
2072176097
1797728277
-462749273
918687870
-1829821373
-1800527596
1706182537
-1116499808
1472302897
-1468284042
-1496627016
-476912059
1897113630
302937857
-1173369152
1197424949
1403417082
436432949
-2124848290
-2025750293
-1601227641
-2035308286
-2064782310
-1699651335
103281310
-1141297277
-212869592
-67737347
1674190708
998930705
-346588702
14140314
654426877
1817310859
1293251891
1393116632
-443776094
-301233477
2112737864
-104172421
-219191294
579986175
-2130886380
-1040437709
-1459274567
-1231970731
-1610149035
1327836401
-862997014
-1183463685
1429019008
-168631263
-179815190
-545273149
665196922
-1730580528
-1189818168
-1821492633
-1719740304
-829728666
-475762907
1708822899
936542210
1168937928
1976520493
-1632514023
1213228516
-211592983
752207902
-2045467612
1851370149
1778884147
-1172662741
-1988499099
-2027360671
-362301497
1517707428
-1026095396
964970284
-1769835065
933637240
897390878
-887796997
262010510
752212633
-1389893027
-567181489
-592129959
-1919584854
890760911
841695743
1542649739
2023586857
1460235204
639002017
-1439210733
-488873409
1258078921
-59067519
-989433001
-438773037
-1118332319
1315973184
-1559731780
547831415
2145452875
-1852182549
-1008793440
-906688985
63729275
1636567594
1838582443
570570055
880550058
801591457
1380512688
1884868561
1153118004
-2074780765
-1422030966
696526737
-510735531
-1618864785
-1844015845
-621000954
946207924
1806271061
1171588633
-444294804
73452896
1753441432
-3265463
1036788412
-254349852
679579546
1595130368
-426644510
-1886811593
-693698280
-1545693444
-800979860
-1865191298
-1159052067
-138067923
124843071
-388794130
-1374756881
1936466686
180346943
805768165
-912914231
-960105477
-1651792758
869420155
1181979551
351341471
859592878
580576304
1711928850
-467963350
584135353
1512818457
136826264
880775588
-1952857121
-2132227898
1595586567
448268511
-374126119
-348768376
1094682858
545832572
-1087987481
-1106210771
484448662
1853299247
241353299
1723269932
58978226
1699220363
-2076806136
-576642573
1585214503
1829015968
652546171
-1311584883
-448304193
645422912
-738702608
238729732
656924305
-1177250347
1133700921
-303988778
2049059917
-800898783
938493903
-437542892
67927715
1673604312
-382340437
1851998434
102179444
-1670608467
-728748913
290595098
-363397192
-288000679
-77984691
1073542734
-1756746653
-1718963605
-1804922481
-1412057303
-831333311
-1815069567
201694004
1207985939
-174549397
-94292271
-1080743571
1079605702
1078989480
50591434
-1601492646
-256218758
-516817848
-721029484
881982604
-464206887
-96687129
-1777037155
-1189382307
738045598
-205441595
-1580179855
-88533670
-1857404600
-1090635780
-1949746125
1159353941
1006775162
776468316
2026642387
-1422106418
-998247982
1486952781
602762653
1171538639
-629816957
-1793023816
-1248941946
-1788824238
-816750765
1721148305
1075187162
-1997912624
1715423295
747701257
1156053270
17192105
1846488972
-854178399
-1009769230
-1688249704
-1362448543
-147233639
-72196779
-634576801
971885409
908578506
-2113852218
-2049065518
-1578562871
1646710459
-781632243
1884360507
-1067646881
-2108001397
-1934901877
-488937752
1772326024
203823561
-472409713
-584262768
141630167
635957134
-1814966101
1680855015
1610380216
164857284
-233510600
925762891
905758062
6395535
-166418025
746081843
-436775880
200984226
-1835276588
529609364
91148801
150441929
2102954759
2058617736
43692480
1130293483
-1930439970
1000975153
-2133523331
-1392653390
1486903294
-278826286
1410670214
308422350
1914676327
-1406160006
-730311897
-693517540
-2119596950
-633348236
-1771116693
1980874069
-2102328439
958937735
-2096951090
86058361
1829182511
1003067846
461673476
-1563324054
1303408314
-983180275
-980142353
-1967058269
-1266821514
728723809
-1293351007
-142970269
-1484808661
385085115
370348661
224061265
1291224348
273021031
562590318
-1170176962
-167033083
-1366293932
1722692413
110911531
-296512562
1505240286
513335192
271315080
1949269969
-403258136
-1674491482
-2091906285
-1437616692
656952824
1670699633
1655780663
1926715285
-1363343886
-544661430
-1129615901
-1730472981
-232603164
1192741241
614597521
-203524479
-1154432902
253896691
-975768666
-1722222541
-1010107292
614421300
1454979454
-928732869
1930498910
-1877919802
2122449352
-853431825
1703770956
965124627
242003594
-274727195
769915322
1949973096
-1329001754
-529411672
1956400894
1530482388
-1064712686
-990707021
49027536
494419570
101165195
-1269674222
-1205167496
1904919402
267783247
-1004396143
-1732314349
-1230622746
-1897510453
637626914
-1454434314
-859010106
-156317915
1023971971
-83720117
-760809148
