-313022920
-583771310
-1365290752
1198972690
174537802
620363498
-501886474
-914521238
873178580
613494227
113376189
-1022685532
-1250311548
1609103795
1034417461
-1444140119
517557923
1765241243
81447188
761527755
-382175400
-1525994874
-388037600
-767311175
-215892048
1699641604
-814161265
-1560934252
683088580
-1473883249
-1452368513
-1086033614
-368537417
1031097608
668089450
1621597266
-2097535414
-918922327
-227366457
883361509
900403392
1935036562
-566398527
-399543304
-456334026
1779339364
1269396618
-472465301
-869429573
610740239
1211737709
958080479
-1148004820
-1154096626
1665469367
322106548
-1912211255
-1464782413
-974859355
2052354168
300092760
607289898
-1697739462
-645631413
-1629277572
-64012765
-553949230
1729294504
-1076088784
-493822034
-1773056691
1882256968
-682049816
-2012230707
1783562371
-1870886903
91261167
-1191515243
1130756500
-360612214
843946334
-1115602334
545659120
256752906
1608859615
1255374634
-2057267377
-271866577
-2030570808
-1050820272
-995003477
1546999141
1419769138
1033075182
-385489912
-242468562
1982860570
2080291503
-1305119776
1430505414
1028639684
481592177
-1837718619
1911907985
-268926746
-168155495
2044183983
163468831
1835459447
-252025095
1525151968
1820057724
1508518571
-865772535
-55676531
-1022521874
1351003971
1100773645
-205719807
638841459
481837217
-1795613763
1361051642
-146205178
-802976872
1267181261
1380878393
-205034828
-1083102607
-2134172407
-1438559748
-216112107
1540467975
-1006105377
428274910
745077536
-1126970035
-664053478
-798058752
-1682124098
-2083409252
983519862
1367872913
1785810962
811562554
1476593169
1787096872
290048682
-1119410298
-774225868
135576189
-1244352465
-1403425899
-674780269
-456493940
-1944081870
239116682
1831859849
50714735
544217399
-1442893542
477464712
-1080670564
-938262235
-2027740204
-214871033
1817239945
612725268
1904307154
-825752560
2076870957
724076273
-1648335921
210038433
-1330591693
-2052597772
830226904
7993323
906124843
-1810296141
58280796
-1306364867
-1443987373
-440115414
381826185
-1665036921
951843036
20464492
-1271810932
711883886
373265454
-850343120
1608686001
-465942359
2057303220
-1088286527
1585353620
2134974648
-1429647971
-1429429326
-59800838
-688338423
859790655
-1246662574
-605055091
1907337859
1308237694
679204999
1654349752
1262481963
812341536
-2084674425
858883231
-1133106578
932592196
-1928161852
148100162
-1873168460
1247422395
1391723288
-1276747531
-206673690
457605485
1575596298
-1202388144
669475258
104172121
-478597563
-1255535083
998217856
553765145
-1750610591
-1668735395
-90462940
-1660976346
1185662626
1508975585
1085476657
2013119231
663196866
540592875
-640721905
138512024
-724117481
-16724712
-774674435
-961818052
229408640
1033251569
808161403
1025080400
1888766568
-2001255989
2065344423
-966674114
971222334
-2138428122
1402707017
-378618435
2107762516
-686489511
-1282795526
285800163
1803121124
-488534157
1758594243
773392992
-1749293892
1926389137
1242568855
-760918475
-52483610
-1524913075
573338191
-221711482
-559197607
1939916551
1493517139
-1700306811
1273990961
1861394677
1220277749
898496753
1314665283
-281227896
-302625143
679348262
782148730
725419756
1233103818
-1494177960
-1476594183
958185579
-1960754695
1270122832
828988156
-493359485
-2072165648
555993785
203711338
-1686164873
910431624
1011817306
1484594027
1529577928
-351455989
1804630602
-611542927
-489845431
-564144775
-1203394758
868899657
-1299766242
1475837156
1190466903
-702487856
-1100799042
1913100878
819227840
973920458
-1573433781
1479269732
-2128096877
-997785688
-1106446598
136632679
1671490895
1882365441
-41040435
2126770130
153119417
1779328694
1319046996
1514708720
810391515
1734528750
-772354677
-1313259302
1729375741
-1866564308
1635901230
-409098995
-1440567787
1912977879
1087386141
-1633619889
2021404452
-99981644
2053849294
-629691767
-189750855
513169061
-811622294
1507936645
-1115858300
-1257514001
-2120699730
994426069
238193470
-883562846
78902750
1305727123
-1991633601
1501679100
1498164025
-1033419431
-1964590688
1195921541
1987915218
-1747034857
-1365192197
599976656
1422464594
-1996115848
1588353951
-219875658
-980901167
-1355394944
-1570057716
-2054445842
-1403443295
-1171627537
1113405647
-1767167414
744825980
-1384311896
-1731515950
140579311
-2099715787
-898759042
-565631378
-222083326
320838067
-1864950270
-536280583
731614285
-1704060156
1030656339
-939724476
485416484
-2086911703
-428707948
22482061
-817092984
-1201697379
-2121766617
-1058952048
-1890903233
-1285283005
247138716
-1155785378
156212817
1766104641
-1071306499
2064196580
-385469726
-1913658680
-1643030261
-260175291
-1250084067
208052383
-703626785
-1533542999
248395577
-1765792264
-995999264
-1189076962
920982652
702673124
1961129624
853866629
884401032
2094713427
-1340061816
-2123172086
-1667900645
1239560304
-2034001793
-1433184849
483866449
92623849
2016611786
135791998
-2042636559
669687369
-729522186
1106529726
-2002921159
393136797
395056882
-1947961027
821208567
-210426545
-70508035
-1518583129
-1368189570
-1149492471
301749175
962370226
-1528540255
-2077509458
668398806
-143051108
1987123272
487278203
918285732
1076257796
-1390941488
-111021878
-9760042
1989023342
1252134114
448344186
927631072
-160973057
-1299975464
-308264699
1275598123
-2032361607
1611894500
-762897341
-1186199697
1768670937
-1286998350
2061951644
1942482074
1967789805
1879017643
-291448515
-1627008415
136702096
1590345694
786799465
1708322628
-1984352251
458609542
-1781028739
-1469731255
1751263753
-172800325
1246373886
