1589794700
-355748068
1998981321
2072560780
403917497
-982866007
308542788
-437701748
998060283
-1172577809
276898993
-1131931252
-2051124648
-302311703
-146932846
-655723171
-610932458
70625941
-1003265403
-1649496634
1024602562
-845347226
-124394490
410767157
-1881580933
-1881409350
1658294320
725396975
-2122020885
-737507218
187054823
-812139981
1055150338
212004954
-1891574317
-252883849
-1691915105
1342956187
1730385865
1526673666
-780240287
1483710086
-1389936609
-356013032
1350771465
402905852
-7234322
1177852106
-1766039975
-1762734102
-1285343734
1050199713
-534248074
638557624
1841529441
1856015830
1411885929
2088776057
1844253583
-1032522111
-916497065
-1088190277
316960396
1746839305
1752044123
-2011619098
-1018756784
1154898092
2033787872
-794804600
371646928
588272911
-145824762
-884130467
437895414
-880018534
1665854253
436196493
-336458900
990148990
-1135152568
1827203694
1697362746
-687056775
-2098700281
362645935
-937110755
1094501760
-20620514
990291428
968237948
-165490648
-1331433088
-1162100470
93410904
-1942985214
1758013975
-143950399
378578443
432233527
2071127813
1886406744
-1273587107
430874509
-1555323321
1656250696
1196219257
-870471554
876969790
1803006552
487507301
1013178789
629739046
1316065991
-212176766
1649407922
852191833
388917598
-2134595714
-1958567710
1634340960
243290006
-727586771
1553719801
-1982823688
174751672
-928849197
797015985
88687365
-1668682797
-2076308536
-139887264
-70616973
-366597181
1049873930
1875699312
-1560203865
-411121934
875260219
-748233442
-1529765325
74010279
-442098187
271941244
-1856983996
1743707987
1394731764
-145222439
1821623817
768579322
-1238952652
1728478671
1840326252
-2051928069
98588273
1636142020
-443443716
1491318293
157358331
430041314
1392330029
1842069309
1536449802
-1853808642
1833325820
-637437803
-907062225
-637864576
-30912557
-237412854
235960473
958035164
-575839648
-773059425
1409574792
-681355794
390379787
-1906119957
-1752886903
-1766668696
1308813562
-1220045291
537837209
-1615837160
679654155
-761012295
-1655665128
-1245146760
-989891794
19886508
1440585167
1919092585
574375891
-731188741
1195609636
-1295556547
1409388313
1549327494
139088286
1914862803
212293445
1261015879
-146707664
-643421536
1232563193
1177920309
160739830
-1934191446
-835793750
-822997890
-473186150
-439265203
-2035392167
-833289086
14592022
-659213518
-171454169
-1922232038
-1930331218
995684066
269826418
1923623143
-678818404
-322033763
795932531
-2075445318
-2111631181
730560291
382211808
-1672602222
1155025076
303967400
1044489388
496375228
390160440
1488588177
-744615441
293533682
-707782921
749957566
1777012605
2059091760
-1956716934
-553110671
-2144577992
35694287
2052867098
1755382887
-655070793
-1987140347
1321435741
-130826291
-1473256763
451479235
771122999
-1998451809
1280987411
164914686
-1896249383
-739997368
525255062
1837623079
585441962
1032452969
641492765
1744953496
1441259267
-1457294827
-1584005291
-1647745766
-469937287
-74957350
513253773
-1776441540
-1627782191
601507179
585208487
-1337448049
303273120
1723764499
1283956453
1993647386
-243828437
-1570350997
2098371011
1901152076
-1298278311
-343833864
-1495083825
-1407814912
1728082482
1730541653
1768290419
-204814041
-1440377818
-15299722
-704395605
-1280741716
1627260862
1962876164
-1275355749
2027105319
1946611424
1712068174
-1819170243
521815598
-1635600909
-1270744570
-1619646285
-1374648686
1358768137
-569074474
-720738871
-1411041171
1632780298
978520755
-1804971939
1603168683
707473122
243835873
1715820864
1492651073
-2133402312
-165187605
-1991343232
-1950061971
-310027097
1415725855
-989692682
-147494380
1619906870
1802514423
-661019295
598762392
-2015188301
982582110
-401453531
-530274800
2022112642
844658950
886787504
-1666935755
-45879435
-2143238187
-684776997
-203781539
-1377384831
-1779433432
1008871413
90617549
-1380771105
385215669
218932811
226600797
50405701
1747963955
-452486971
952830242
-207852398
-923627338
330701692
-1083414137
117081459
-979149103
-743838452
1183604602
-477243961
526092210
123187152
-222588009
-1664573962
216656876
1395137666
-734414753
-1989115724
1218316520
-931689711
-1197458802
-2028448795
874250736
-1093952814
-479913139
-1163567451
865765779
277257823
-34241086
-972776506
-1914764697
440396653
-1346373649
397702068
1630576726
709483486
-370743552
997838236
1895652710
-95321820
625788937
25891286
1905323704
1229274260
1922107157
-1287324237
1694357224
2070106873
1479615608
-487394018
389005970
564573979
1794136151
697603796
-1199048785
228992683
-1251118412
-765781936
-115307279
1775128479
967167089
99939965
-1422023271
160922515
172118355
-1910930503
1295249332
-816458338
-1349672085
-1789410625
1225557922
-513571850
132030780
-1798237621
-2059638027
1752219229
255974591
1966246746
659602542
-380312317
604071889
2055244089
-94510608
-148842644
-1954350003
1311823167
-41366032
-194269660
1896981049
1566753868
1343733872
1654734565
83231554
1957413872
1284719395
810276394
98771495
-1334645695
1262670361
-355437315
-2095021200
1078109080
-1834339866
-1322940174
-151655102
-890412630
-1335442545
1506448663
-1123427290
852130512
-1820213275
259301736
450405889
-428788459
-461926200
-1399294669
1164562436
-1329998987
153966737
-1230048657
-831455384
-1380320718
-1955995835
1095066382
328206192
2029768700
1381053772
1868890546
208580035
1823938527
869220128
-528994220
273928949
-59158436
-1199097925
948146953
916795050
-1176355323
11200587
1792071807
174204873
156325093
771178822
757418444
