360190389
-411546103
-1813515790
1431028135
-1546471713
1576183544
-1360092242
171187912
1240391475
46003916
-534342509
-1034344788
1520177996
1229143151
1891036837
-423391058
2091993881
-764544067
1614724904
1560060566
1322054026
1741131741
175460861
-93954764
-513612340
-1940380954
823456641
1603525953
562802068
-1909240799
1138003408
1250519539
-892311069
1956682689
-1841300975
-631961200
-380588938
358198002
633496511
1544352636
1317861432
-1634065300
-2105444106
-1072089278
2024972964
-1870705721
-1168298709
409522870
-196591876
1561478238
494448528
2088440094
7024901
-293203882
-1825778439
-1499559721
115018056
-1981310945
2005597410
1313564825
124078605
-746888432
1993032218
-2043540970
191845738
935930798
751339160
-759440739
492211769
-457610630
348052855
1260242983
-211786513
1684704468
-450449823
1881571146
-618032792
-422087810
716148364
2819162
-583018986
-1290285549
1394855210
1069414691
980457182
1039328719
-1620182518
1415964
-1788287557
-1178218514
78490273
-1512286664
-1198064066
2077963667
810964640
1067735211
799143667
1632973097
-705900592
1594386228
-1564099716
1787717212
615385436
-1070367371
-2144059106
-1827883198
-1258214142
1505494931
1458360532
250393425
575882010
-1671914574
-26923545
-633931648
968951792
2000704527
-849946135
-806718121
-60721334
145239550
-1838347355
746326915
-2092881291
856247508
-644177651
1888228884
266755727
-524338159
1265202358
1680426372
1084347876
1248533381
1619766220
-1353427141
1552644397
319703327
-235783475
1293448167
-1375192536
-415228720
-299021035
-501085424
-173226884
-1943939260
-605564154
1862142939
18511251
-1955995800
244281862
-840189602
848488851
256173134
1367161994
-1535931033
-1198710131
14024189
-1050291772
-710325500
-786601385
1966842346
-1688417272
812831941
98505001
-1976286468
-750389574
-1173765582
1424385016
-270293419
1671089117
1363459075
-1480629263
-111649385
-1905610905
2027840194
474985792
1876306692
513567248
556855996
-1239713980
866969520
-1196243113
1642516898
-1438502462
-109964761
1776921740
-333728732
-2113183886
2059125026
1771444321
-219804741
988380766
424131738
198535409
-1598339755
445128465
1226391131
-1793687002
1762276657
-101518840
1276927243
-355308084
-463149387
-1466232552
1099607288
174239712
1541454450
477682735
1697997249
-426802795
-675913217
-596649074
1656670369
-705513221
1432317369
1340133276
723076419
-1700045402
1859102277
-336902976
-40404144
-125743283
1247393030
1086660174
313192298
-994266134
367345625
1597088581
1735298560
-547533560
839203166
-605201654
677165538
1861398244
-969315620
-152814454
-26607425
1999107516
-552746366
-267871640
496483356
1917165054
221506993
670180621
-134503445
-837218914
266055737
-939753190
-1610632229
748007121
-845483467
-1634975978
-1181662445
-796577651
274484587
-326452204
-1257450700
-1127285870
683395295
1989342864
-894287486
1043484756
806291385
1667313714
-1127555542
557973351
1255409308
-35913871
526710142
-1147043233
981606656
1613754992
1370291077
1665396038
-825652057
-194475782
1819099678
1444299819
3111087
1926967832
-345904376
-1649263452
-597789550
173896550
-536571042
465406133
1541243890
1448225990
1826779633
-548857429
99794998
-645780411
212039540
1041761040
-1353048063
1727994458
1075115446
-1803871124
-1037688981
1979549384
1066296854
-1989020766
-1862707261
1986171932
433646851
656219871
-470536714
1424558982
-72211423
275255901
-460618697
-682237749
1657520109
720036622
-2073244199
-2048774170
1151962446
439610776
1102849405
-465316094
-1136238007
38861150
-1910587922
-107057759
-1201191915
-797744170
1368311253
164799159
-1247535215
-1178396805
2101101420
2089228374
-780573689
-804527853
2104287403
787595833
-1678885743
179871787
1678853617
-448936346
629557159
-860778043
-1278499378
-1001688581
1954357773
204950568
-455225838
-1230645013
566157239
-573987584
-443931398
177923231
1416563947
1602767411
-271215032
1809507349
-1184085184
144093016
-1774684601
420473135
-1783917145
1673112242
48419854
1719628772
1054076217
1101894239
-756069127
-1985341911
-1022207908
671631536
187369439
2075111888
626470540
414689632
759773133
-429417204
-2022300864
1835657827
1601774277
-223740644
-2082924360
-1977498630
894929637
-1311339344
1450982985
-290166631
-1227541851
-946438022
1115161650
-1579642208
-1792787569
151533402
-1730744111
129546900
324751683
1014050465
1344888644
1986928081
792205038
-324256446
-934001733
-1755843934
-300390001
-104771261
-1438459280
-1636674327
-165296787
-1043841336
1617544738
974422227
-318403947
-1420256257
1333164951
59741275
1221845174
77256706
1333759666
1663916566
302851143
-254556038
1088107829
1142337666
628955788
1262667865
-1039022603
-1645615753
-625897153
327170567
264868356
-988033048
-1037653849
392077549
2084492034
-109472173
-508031212
9678363
-1837504146
-1730146048
-119152608
1621921040
-1414400455
1854755076
-710736334
2009471171
-1699105252
-874973990
-138137493
1136610932
792928476
-905786539
-1968246275
1225404882
327987306
-983403361
654080447
-728669464
-684941897
268674216
815131429
1312653070
-382788679
-1930220350
1707565997
-540148387
360769960
2064831130
-1881264572
1181320574
1689186805
-1106093169
-1433337529
-2070551816
-1824030853
761417746
-952605430
59497742
1668178455
-357435328
1747468514
1236948209
-824043773
865669523
-616364013
-1498922515
1437787266
396561999
1298595959
-1002601791
-1532103876
-1699811190
149190573
813563315
-1365508860
-1870932586
291330679
-1012495302
178515238
-105260493
-354342657
-991826657
1245250097
10254245
