-260513812
-747644422
1450882035
-1857209845
-1076916963
2010473280
-2072075447
-1935026467
1186236195
1514128245
-629196657
-1329627773
306247390
-1716564384
2118232580
-557044798
1369018120
1776675719
602346635
-1163952355
2109572293
-549882976
1852105448
-1218822888
-1208411514
1169907875
-851723845
-895538019
-2049337652
-1373346225
-1801889578
549996113
1258365897
345282548
-2055206291
-929827980
-1666048098
2101932289
1108908677
801135973
-1973491728
1117259216
-1181499600
-1745818483
1094782222
-1342275728
413296822
444729372
665274826
185113443
-1226848163
-1042498320
-1917039650
1974237577
-982866297
290207019
-477825454
1987305737
867193010
516318278
-654684960
-656961827
1385131554
633679463
750293666
-691316011
575909569
-1564747758
1401711050
-1014796689
1357146796
270665012
-1286692933
-1177077946
294244992
-484118674
-673637677
1057945670
-1096736349
1587857872
-508506638
-334067180
675707001
-560481241
1130003047
-1339470605
486335966
-737180747
732224367
116658549
-218904730
1340315874
-418450874
-320961136
-1387880869
-1596828414
1377300275
-1767190131
-1711751963
-1717272589
910376204
-1201475492
-2128780945
679584829
1837455674
1210502385
-161726312
-218948905
1251998735
1620395591
-446971581
-1448225253
1611425007
1232611680
-1786324070
404536764
-958277203
-961137090
1896742259
1763397428
-1370907259
1550775256
-1881257446
1907767709
1981102206
-1718016477
-247001988
-1881157803
1520842587
-991492567
-2062646201
-607203647
-1897622355
2051597156
978530444
1351032990
-322799901
585624241
-560978792
1649633057
2062106236
-950223193
-1688955929
195698143
576724804
1030952005
1748214527
-1125399663
-397304037
33811900
2004743170
-495887655
-92612244
-1004291437
-23679039
1194279569
-1431555566
-1057856594
396501073
-1001961203
-396877331
895415487
-1936263430
-1249029798
664108992
619078836
-1786063605
383037682
1625435979
-342318822
390848380
912716697
-173237894
-292626247
85546438
1358626723
-1180618713
-1901330510
963269575
723347818
-1218656304
1134278484
-1463816887
1504270324
-156594084
1755375459
-789697246
475637004
1846440107
-2061051269
191447389
1051102403
-865005750
-1767475780
-933601186
-1613192220
1706200554
851301681
1193813333
-701680540
103880417
-691096469
-1423216185
512433153
1957349860
-1370354164
-949750655
1727752638
-309980760
965442485
-1104444173
-818090060
-1570314312
-57901055
-1281954601
-2042734829
850462785
-2079643555
-2012623393
1680752048
-1705896279
-168023494
-1657940326
1949218509
-695368638
1723894340
1801820242
-526819827
1640380148
-479977522
1418966271
282845028
1642879293
-700347550
1540896325
1595680851
252455133
925892578
349840952
349987187
-319884719
1857610527
746582907
-758301067
-1796815319
1073866175
1752079612
446312113
-944600241
-252471491
-498799736
-1582179357
-1723315713
285670087
998759489
997876247
1515644266
-159193268
-208148526
16597361
404116708
1745089081
1277261583
-209009196
-172541579
1285668810
-114525269
-1493046251
362393493
-211936531
-539877409
-1618428007
2047288079
1318376097
-1857973321
1830640798
-326043527
-251043259
-1619280917
1533574609
-1256290025
465868358
-490008331
-1650102606
-25398715
-1137528709
-146320575
-235288386
843660539
1904621987
-400643800
2099814895
2109954668
-1061539760
-104553316
1590998009
201317037
337432651
-1562552874
-961515851
-2126733254
131849085
1299628054
57081790
1910996354
-108601507
-1625041700
-362508203
-1563840174
-1271489013
-1362290746
-587698241
1173183455
106870289
1777889498
1126349902
-1763158329
-602322215
-1390532282
-972539342
717657415
876722436
948204198
-1203502947
1085532082
-2008680163
-998577876
-1511780979
-1871521000
-1353355942
-1971423500
1213998569
-64763063
-1712233708
1135124648
1998683065
2069997126
1742391697
637826847
1925902201
2010606776
-1214334475
-1383875889
-516775334
1850636124
-449143524
820633713
1886236360
223833111
-1578536926
-2099051687
-1810513662
-514082928
2129859227
-1781322263
-12513310
-1839693810
562742109
-628152005
2053147023
-1432076179
-1664517671
1125791898
-188976932
-1777215564
69348545
1381077906
342333564
-1695781066
-716454308
-2070224283
251219809
-1270833467
-805272380
1170576831
1279879374
-1917376298
-230413293
-674451838
608731074
-1197034409
1657757227
-1476304572
1246310813
-1985252761
393544255
-1645480234
-1039871583
606283304
1585992057
1256329048
1177987328
2105418407
-1072541726
-442389653
-1702350423
1778998141
-58931353
192034223
-1956964322
-274653256
993247205
1760282409
2108394447
-1103103273
495341946
1700342638
177489036
-838128143
327096622
-299220719
-602996878
-1560850798
-702958139
1077562557
1563986272
643750607
-1384667316
-1713045663
-507210252
1270145552
1985508200
-1368521081
517631018
-909182653
148863023
-1768799286
-2045913346
1869287267
-1515902520
292510983
-1919814591
-661934330
1286013891
1797141080
-2063658043
-423053153
-1609618276
1037705087
608822903
-1814800283
-2004913654
-2115109248
214748167
-1071982361
-926324757
-805221274
-181906555
-1353704204
1006761978
-1788054248
-1285992356
399037581
-1749441320
-979221457
-629283569
2100649735
429586219
-1162520558
1927279112
1979161575
747450127
-578318809
1880418697
-1354219525
610500297
-1883902722
-126583305
-1487081360
815494126
2088208547
-325025150
-126326271
-18551317
1992642635
-1798981622
1707228025
1415491263
-1577090145
-241827606
1842280044
1122421726
1280948981
-1976552445
567867736
742859306
157651879
-1122532525
1730468332
-1637053353
-863019415
805418539
1168604424
1309700585
-1126732583
-1971601538
1835864115
-1260305002
1963287248
1044143582
56061539
