519020385
-346329108
917318758
-334642920
-1047860400
-76746471
472321683
1865070408
1368284336
-1003070416
838785519
623610151
688868243
860931616
1355961499
-471661523
1665198426
365362672
299725366
-2077358607
-200246537
655060667
1531935543
641525740
1901452774
1170939346
-2110420232
-229334449
-1940071490
-797019850
-1958768285
1276854587
-968409055
184012303
-596219892
-2119616895
-1752583460
855510899
1678140478
-1580569095
-39892915
407462073
-190691139
1332544761
582391506
-156291938
2007958855
-292491509
1563285434
-184561040
610042432
1231305408
626318406
-184823467
465883902
-1298795990
-1096802117
-510771809
561205772
-1424487276
1589033953
1839588924
-965851152
1361686723
-1971498095
-1034421953
-947638776
1523292194
-1906942072
2136851688
2100229752
-933803326
551569451
-339206011
-319397267
-1668759564
1589529919
-1874195821
-1363066031
-1176281793
-1334234174
2137660781
-1443653070
1265263069
1954441390
-234787151
1580762697
294676534
-226198989
1656782363
1843060042
1576992675
-467961643
1733048468
1331947062
-313785854
-1981480838
-892305084
353934118
-1235370537
620322258
-1009829936
1182515976
-494056990
-898066553
592915934
1949513360
1555992659
2013935734
988699466
-1953045562
544372305
688720426
-258401195
1329774674
-555396569
-2073369340
-1555596012
-858423766
1704905869
-1298849430
1071816287
176983639
-416178083
-1619842543
35764023
521867880
-2077096291
-2077812722
-782835099
-301122296
-1102424088
-1864427441
-1029692646
-1844793034
853421336
-1532789523
-37646768
1437990794
-413157012
1607941227
1843404563
-1579144988
-1322444530
-333189558
1656475199
-1750017699
-1282951619
-2136485436
-834195572
-336355652
1652581060
1200752717
1923480945
1186358651
1614886152
68938031
1098004931
834604983
2003319943
-1035565360
-1436679672
-133259930
-380614822
-1196812725
-869773623
804383283
557855905
-432770380
-2066439796
-1790529115
1868385140
-732779983
93388344
-705098642
1012850689
1083527692
-1305319486
-1601032979
1900860720
-1348505502
-1651188292
-1018974427
-83654453
-972532814
27630114
-1124600904
1733256251
-136429774
-957254740
-1988754774
-1864116489
-1467218464
-460201903
-336769171
-1299382546
451829723
-482383129
-2118105794
153283008
487188060
-1360474438
1853790386
966624769
-1131138969
-1721693286
1206232650
347212369
920888716
-1668049873
-1167874151
1054766506
-908900153
1061866650
1800894864
1038440511
-1439216359
-556725503
1119271914
838081219
-1661718821
957716827
1043000076
695718768
-1931081713
24350357
1062767813
1774645012
-2120863274
530517877
-1061712285
1395324572
-1423129950
-1288960899
-846992300
-973277233
-850917690
920375342
-1840815383
-1281317270
-1816576905
-1013933569
585638427
1575901866
384274416
247519599
-66235211
238241107
1404825311
-868654842
1474342076
72246696
2119792058
-2088677533
-1228509987
-297843825
-1528008660
-294050131
919396364
1164027872
-2116366618
926257661
-1346008261
1693733156
-389831619
-1392544199
934194992
723092631
-646444018
-471424979
536821477
229653947
1334320263
62345623
-553045536
1535845420
-276541045
-1834376801
511956995
1442750513
1539856964
1065204567
-953566341
-171447884
-386784495
557498676
-1871753099
-1862243640
1876464405
598841205
-765769674
-184203611
1512153548
-741607066
560575051
-662722097
-1137962951
-1466403612
1321659843
-1823179200
-200900831
591888739
2039081210
1293438930
-1428606265
-2066941060
18004740
1615332472
-263439594
-517582543
-1341446397
620785766
2072352936
-291418143
-1485915552
-74313041
471894817
-302757469
959908770
1760164902
-246368814
1877709284
832926738
1379154102
1399827937
18478720
754046474
1592846335
-1820073635
123444000
-1902330399
560726595
974876707
1397149020
411899600
-1599518004
1979428966
958831633
-856559309
-1409228793
-1938045890
-918003071
1707467634
-1509640888
-1215511859
928643169
-1400995984
-1438262456
67597665
-574760926
1605842364
-1132123174
106288935
-1211817890
-426051508
570575834
1217442309
-188157157
17156474
-2068221951
-1203897323
-1779679395
87633017
-1752668201
523643410
-1456512524
1366968188
657570672
294868448
-1922460909
-1070488860
119652265
1458213011
1080484725
-1624376814
-2064865186
1895815781
2049263355
-1215137650
-1466107408
-377626465
671416760
1987636309
393139119
-544624399
965968927
-1144134231
383225218
-148141879
360869609
-922209791
324192628
-828813437
2097576371
1497489391
-1906823473
526530992
-1463434909
519089331
1810477449
1114877792
438581279
1621939098
-367919032
1241290159
1865268760
-1336680231
478113743
-692961785
1710331697
-348198822
582849882
1486915114
-758454191
-921225321
-1809776253
-194501146
1385423717
-111935726
-1244567296
2044220401
-53242996
-1427818653
1670528774
-1382789196
1609710554
-1678292558
-1446074616
1684608790
1111857496
-1516498132
-1596541949
743490735
145089726
75057564
744290998
-2133733024
1713876900
2083660172
1420566222
-1068917841
-534364977
1872111084
-2087564462
47879922
-176663050
900761994
127016277
-1010663609
-905323760
685521650
-86184699
1255915059
-1393357194
-277139229
-1991333365
-53070247
765543713
278185512
-1424710243
-2120294847
1340331604
168667155
-223952595
-1572273143
-1371964745
634307566
-797298826
-1713922997
-1739485324
-1639353183
569563690
824361798
-469649847
401405786
1359190695
171124913
-114192189
-1505838776
652128220
-1052364580
-1544865741
-614648379
7801860
-424308395
-1086200070
1109262088
1978269649
729015830
416972304
2103961182
1318501262
-2014196444
-1860827292
337064369
1469940927
-787463445
-1150669556
2111312314
1554033799
932844065
