-1361171481
-888599918
1084815709
-1504453934
905015250
-1264028574
-1096601696
1497205805
-1105157228
2021904609
-1076003681
1452844025
2061859786
-1648182295
1893343672
-1708637207
676840225
-1036297579
1853917248
1282045918
-432567541
1497670552
-1778442438
-797542118
-1910531411
605790328
-1678781270
-1651200156
-83355596
1150794008
1750934730
2065590107
-1546618897
969099505
1659898854
1594791540
248350460
1327573767
-1497473618
-539853937
1058401880
1409570090
-1911692778
1365135253
-1953147089
-254370905
-2037102754
2051633667
-1279706080
56938004
1078165887
-1241227771
1400007110
-1330628939
-455851726
1081882737
-751902303
916337250
972391169
-54071222
1747489368
1428147134
-979305341
1698973959
-1477185517
-687675632
-902031396
1283213996
-155978350
-1920161892
-1905680603
1797702112
2034508559
774569653
-1475207118
1950560967
-1685278151
1878040263
-787173929
-518725126
-999115993
956472914
1209583820
1398387864
-18425128
865537822
-2029915581
-813927738
419994690
-109332376
-1392431442
-1629089465
-1396634161
1889675749
-588723297
2034404109
761084735
55923018
-87600531
376171936
-391730966
-1184874710
1853367607
-2071062531
-366902075
1830595556
-786343245
1848848254
-6811668
333077464
709038643
-1711833420
1131130869
7153034
-282819540
1133458714
-1971747393
882188915
2143474413
1335960280
-2056347355
-1004323745
1673314149
-1732593040
-2084710079
-962823831
347475475
1739696734
1771381090
2001120304
2128486554
-428974167
-266657284
-142911897
928467947
1084092407
1619620388
2143314340
2091098335
1264020785
-1627209374
-289637707
-168712506
841265791
-465435870
-1286803746
117706874
-1610999870
1579003483
-1065628203
-1165055779
-1759275973
-2058923738
-405668988
-293606269
-2031845739
-199933897
-693955143
-2080065228
2101194183
-1794763953
1388069005
219900020
-777278736
-315182257
-1470329225
352874008
1219133050
523654139
-878991920
1824618673
-331244013
982236193
1408743929
1879879245
554391523
1153504443
713362463
-167515255
-1906192352
1085715769
-1715774618
44441007
-1311686178
-706539020
720341775
397790611
-1052971322
-882594536
365912882
2099680503
-1988581128
306473884
471627501
-636423339
-153916369
1129121507
1114767914
204321748
-1726407707
109479049
1380089306
-1834185773
340883941
1903069294
-2124827018
-1871497871
835381826
-2058035094
-1981478109
-963979836
1763134403
708630332
-264031136
1358730215
-571065276
2088790379
1595578813
568507705
972082127
-1793304368
-1756581346
680086116
1804165747
-1720871783
1333606389
-2024500886
1341651624
-1129017415
-892594974
-697054734
725833315
451691856
-2029082314
1544251309
-60645702
1635536391
-656249376
-2061114027
-1021174759
1537857262
-1134548018
930166252
-1407359851
732376890
-875881481
-908869009
-2065201425
1916746845
-394480577
1501210463
-1642799503
-84080100
2061935316
334006511
-1982192929
1523406452
-947503696
1790487218
-539137636
255336015
88054734
-1416247811
-1927539901
274529891
77176018
-1932669681
-1690119255
1636811203
-761952030
1800579726
-154443406
-1622341077
-158012996
-1564741195
1216924474
-2057591314
1969080426
1177695229
-163137856
-1025601224
-555786828
-1656033733
-142195963
-414103417
-583324528
420727426
1749476849
-1031330306
2076231777
29525625
-428083822
380797570
-1110880662
1846711571
-467410408
1343695564
-384490540
-2098130161
-754474793
-467974546
1234659580
-808525695
-674611952
-1627681491
-1856790329
-1415634901
-390388493
217870170
-732745092
-883400216
-418243318
2019706460
347052479
-318093836
1403725251
-1993156408
953551352
-401905805
1356086297
-1217085973
847358877
211540523
1917019887
-1810208771
962880642
-309697337
-944319823
957582995
1117597696
179730135
1750598671
-482936021
528439658
-1650914951
-1726465403
-329090171
150493987
-864001896
-189550602
718955946
1838243159
-2094449454
-630816094
-1002436919
396780409
1660035386
-1485112589
-2037371547
-1914120243
555759509
2035826213
-1081232684
-605716790
999217394
-1555740158
-98235353
-1692233381
1023030376
551742377
-1524613913
1261698243
1251880839
1249452512
-350393099
-352436348
-1261686198
960772757
1629092056
-481479516
818010050
-2039048203
1552969425
-830908538
-2093187576
-621514883
-350119046
-2130752310
-1345142001
1531290834
1509418387
-1281577271
-1856625101
142706619
-2133203290
-989422563
1690312340
-280648304
233613278
566093788
321520881
1982547298
-294754942
-1829380498
1898185748
1156495340
-1253932075
-782103382
1256759850
804328687
-1067860254
871697721
-978410303
236159817
-1350577649
-1417396832
2002788725
857244116
-1477474783
-470769959
283395937
574602022
-1221737137
-923995417
1839261820
1633620512
-1699947777
1541041059
-1319086695
72362102
-1638350601
9681904
1981742074
116609208
1486187037
18552825
-88217336
20944542
1140769237
-834596403
-1245083143
1242349389
-1879719518
1150658269
16144257
540324477
1060746381
-88214773
303018690
1381375578
-1031390916
-1655166448
-677800405
-1746262194
-544853308
-1451328470
966517904
-670997475
1185252248
-1098977123
1014680673
-445274922
-198481816
429060084
-1061637258
-997764594
-1115078101
-1190785874
526108849
1534635627
807227195
330552939
-311607785
-1168264863
-1329679236
1330882433
215088989
561831495
-953307231
-694820195
-739653242
-391972665
-222493690
-758780633
241342800
933564895
1655754132
1346045920
967541583
341387751
1800051437
-1234814139
-1795275246
635777386
-469788294
-1772180646
-218811224
1797909134
-1796651713
-581196872
524992464
-1614119371
-1282698806
-1142557337
-869282794
375099664
1886043922
31503782
423135576
314258422
2088050878
