126585042
-1516445618
1739118698
1383382668
-104481148
-1819999310
-851290793
612491514
864646717
-1988476268
419140953
585086563
-506976539
-681744631
908077483
1611931659
982297360
274891546
718781676
458469124
-220099084
1248501088
-2137884574
-1946220701
-2115071498
-1696290463
-619101926
-250528181
-1145028039
1398244816
-485542128
1837618856
-1921206831
-98377542
-31279954
-1501744785
347244404
519401973
-1975191214
1747407957
811932200
225116942
-1868985236
531291779
-294374346
-205848208
-180477522
450189775
1380366070
-1996540572
1039604624
-1763124097
-1456470036
-1651763106
953727367
-555341155
-184620105
-2137569856
866142868
-2042890205
597078023
-1302464546
1604905523
147714190
-1665217298
228526293
1091760280
1735976860
1775394152
873748326
-879507262
781132937
372306204
2054001573
321301293
1725229834
-434703888
-1420637872
1777646275
1093180846
1971236668
1310047259
1164480590
1157198607
1292240672
296636512
140868815
1584976595
2060726094
-497615240
530739311
822617177
-1404950697
278090171
842475521
2129691671
507604040
615954624
2002333073
-1155161504
-1978299964
-612440493
16294983
893919829
-1119717820
122971828
1403713942
503786276
697016558
-573171312
-739853350
115456776
721112905
-1318765095
-1890837595
598786305
-1020628779
-1807848078
-463681887
-1191754584
-546910746
-1902567006
-280273709
1087773802
-1482245124
356745134
-1606724038
-1829443491
-163159113
-1237692205
462433315
-400665852
-1489283399
-2060985034
-1376737271
-469275158
-109047694
1701242460
1456535794
190532891
-1191259968
942694396
-1149232877
-1566621329
-454175537
1497570944
2052665457
-2096571717
1987228291
440472656
-1498086511
341498198
-128267909
-1667592673
969101032
1355391030
-1947101507
-553900772
-500363995
-2056205744
1567753371
-411172834
-1859380862
-1578264310
-159496615
872322164
-1298296282
-55192135
-209859522
1972277843
-1594299599
801180365
1096178658
-1121678712
-1118151800
723397003
254753317
1773685536
1420731424
-1174535569
904821531
529712682
-307574343
-946521885
-1973375951
1060037372
-737471511
-241512706
964673363
1243259623
-1520976562
-1116695318
-1925163429
498753651
1021089899
438950766
554054867
-1911798363
468859124
1108779896
-521219276
469988688
-286813574
-1868999596
783325322
1389479562
1396355686
1701208472
-60325127
988811916
207938800
463335874
-1228459148
238192596
-806311067
2049857437
601862422
324231978
1344361487
1845657615
-40331528
595972663
-1547420937
-249817248
355080440
54517767
-1282751543
1063739127
-1456990403
-1488989633
794892619
-1483477570
-576980992
1663753675
-388313093
-957575208
906287978
-810190982
-1036685359
300242557
-530355152
-775965631
-1103335729
548886450
-1976878643
-1856732390
1092426769
-1944529574
258003562
-1560895010
1421948927
714913529
-616545349
561913106
1387020698
254098701
-1908731805
1019758970
-542096205
1066378442
1029874549
-783800941
-1818130905
997812096
-1106061410
1806385589
655764050
-1985524643
900022828
-1777544581
-531578719
-1459747532
1409500441
-449745883
-887425405
1807815836
1787226796
108772528
-1850113036
-659712396
2145773059
929149861
1503786080
-1721646647
-1835698792
-1146083286
-440698498
619905529
1153183171
-2079030431
979886723
-1825496813
-818371082
-1596727435
420185945
448307539
1036331801
1333729483
-923929057
-706497400
-878305793
-132014514
-740043867
-281363136
1014696458
250479370
1503039080
1010504572
1511936380
-1319486118
-395689491
-374864123
-709898472
-1181154354
-787603065
-790522606
-1733741080
-1316554922
-313109948
553049573
2062778122
-15874861
-374985342
-450355588
729372449
147398312
711095576
-815949011
-1892939074
-1332852284
1941643753
-2091156080
-695614267
-880646994
-1900558988
1601896405
-1411319827
1840177755
1268582045
1443211977
-706695046
-2103454964
1803354117
1667755987
187081209
-365882317
1211607659
2054697258
900044509
-1419754169
356002395
-2133346443
1734660619
-1295085158
-1883960354
748396115
-2111723657
-2043585188
-533823591
-334377485
-1113897991
-1482152244
-1297326791
1451836095
166054476
1887478882
-644610943
-841867352
-276915409
1721354224
-1502085204
-158185945
804479091
-789891043
-874547771
1804314276
-1342624501
-1944088421
1865276760
1459998771
909876900
-1496421967
1277859004
2114597519
1840179415
-368258809
1261599288
1043648980
-569676556
278784169
-1576318332
-1154765550
2130623174
-1998994196
-1696064030
1733412750
-1140793665
-1532385862
329363236
-2108647358
-20256214
1454621535
1490204706
-1340469269
1827767640
-1146177156
735751027
-1910709940
-59455891
-167188599
1606018837
-150638244
-348869473
931972511
742137684
-331430989
-2044590159
-1956505793
1637593953
1822907599
-1534999060
233724062
-975108726
528141036
209795620
-1791189845
1948357787
446907629
896746438
-1343473661
1001873344
-2010107234
-489330597
-294375949
-2042106485
186834799
-852021843
-1667113317
2063470715
309046801
-1940210974
-1692179857
1573839714
571330965
1779005712
-332533586
1884030832
-366312190
-2103253396
-754555655
801993954
-1761239141
419561572
1214108125
-593220536
-1983132316
-383968002
312710175
309185684
282162811
-1181520547
-350301523
1598743804
387331012
2131050124
274434480
210561076
1138606031
-1548716376
-637941406
-530656151
547952866
848174702
-741563632
-1412222439
581684736
2071666627
601740305
324071606
-756221322
473508277
190794392
-626177078
-1209023217
-125118393
1958419479
-174450033
-1572387137
-1938070630
529889277
-317881490
-1767762245
1398441502
-2013845547
-1906322584
163961111
-1552524317
1216368467
1001466487
-461175058
1335274830
