159678893
1537148903
-1842696104
1122888589
-595123048
1838538533
-1199552109
1100906545
-1554244561
-57237440
-2133528469
-1051537380
-1829622824
-1461262922
1304758488
2076950141
1233192654
979626792
-510036365
-132295804
1770157305
-344761639
-627482558
-1105224897
-191261671
-1925928591
-1660965078
1658626233
-1203309707
2046754058
122370392
-1890114143
-956189960
1889727566
1763576093
1911260895
-1959704104
16815120
186348496
820895005
1396050678
-613104526
26781732
396288942
624679065
2035851749
-1190844493
-791593911
445283072
197631120
1366077551
1900924050
772584979
1470828522
-179581834
60177488
399372217
997776691
715634085
1868562705
-822217792
-1006229989
1540002050
1691261633
1655350703
1006028801
1474193652
1446093808
744021229
1223085000
-2135247614
-2003666792
574413293
936014763
2123825514
-956837354
225820392
592525347
-90719530
665403102
1912383100
-1179001023
387553357
-511418426
1484718724
-2130806963
837514553
-601957152
-1650075393
502968231
14247400
1884211407
570192440
1649629060
437450658
793937662
810997394
-448297337
265480462
-1513227229
1516756227
2102089834
118094436
-1507387345
57500449
-1560549955
1922981330
2142730304
-985138293
-279154351
-1327156688
-2138581478
-1892548301
-439314254
-1365051085
1803341577
1502814803
1224154746
265358000
178011470
-1240113917
1235527936
466986215
-1460906887
1425879899
1002605659
-1839325746
1855862857
-921635784
177010080
1711240106
1886849218
-1954218151
281980747
402380821
-901546574
-2123719103
339304301
1407925654
-1050233447
1311516287
1933446910
1534239144
1887719919
-1341715283
-817389751
1692807454
1387356034
847920580
-2128405388
-1602971924
1985391573
1084726069
541391129
-2096792405
-987415792
-2135107976
116160543
-1523977842
-782571583
-1779062773
289497372
-1642304722
1730909939
528087602
-1057588329
645855653
-369569308
1982460313
103599766
1824949310
345869730
-711293441
-1474904958
764613340
-165416151
1368762221
942489888
-838734435
1408342456
-2136815402
1318007281
-227757947
1466016411
1028937351
1748949890
326315538
1993555720
-1409671392
753116766
-2130759326
2040711567
334939085
1714141447
1927409069
382150403
271656047
-101555844
-1781760450
-710595838
1006774468
159657387
2021449694
2117533963
441665633
1843152521
-1680504455
2004903653
-1395032329
-1752403448
-475243425
663557113
-1405961010
1701115299
432877427
1830933574
2052211726
1361768541
761934615
-1371322285
134739430
2131343892
1322824681
1778535464
995043493
1224244961
1524649355
526602551
394497598
1853977019
-594115008
-1700600765
258555171
1505238898
1427196981
744198815
984575577
113762999
1407904444
-1391223843
1697160972
1663010172
-1977661034
-1817225391
1289582290
1242089510
-1683965341
2143581405
242953410
1219455396
1344566326
-153680888
-1770218195
777362082
1318356974
908922016
2091393351
-166477488
-610046256
179993096
1292056013
-1070066595
-1737558435
-99484148
1030466118
728630581
843582028
-1127300288
-415750074
-1913927862
179823366
461091382
1200477599
1036144199
-1012654403
2016523835
-1313210982
-1448520073
1674345487
-1412859833
1876755404
-1884400291
1833014809
733229498
1638224004
781286526
1998688171
1279607736
-1394645884
-1156509937
-1499471759
1505542257
355039145
-84399447
1469285091
-1253090860
1430721769
724027106
1016943310
765089373
506010484
-1638043886
-822059275
-1058707853
-22215318
-1137181695
1040710501
-1806169436
-773425864
774581279
-920458507
-1772244222
-651912647
-657544928
-119173961
-2085473727
-36914680
-202158099
-920744702
-263746936
2007535254
1702481481
-515277389
-1645338156
-839203367
-932871649
-145712274
76889759
1041234540
-591673578
1095651371
487926480
1711318196
1515279078
-570479806
-1285284001
812706402
1983167348
-1798673340
-730067464
-315197067
-1630622559
-953770547
246096888
-620515670
1123350238
1569433011
-180138163
-554303266
1805607387
720599613
-123723197
625474707
-230020532
-922562680
59376491
1692095647
754548699
660087246
-612102800
1792798198
-114702323
-1286831148
-1881417792
-1438393214
887717323
1199167840
-685838337
838180308
-1048799824
597880640
-1387630901
241796920
926088320
1443164238
-1026809514
769708064
-753483278
129895377
2094260567
372044186
-1361069339
-2087379138
932795178
1931327408
-379658455
1809305998
-1190355923
208338993
1541480851
-2147056357
95716070
-1004657632
-1055177898
988816703
329324734
1043268901
-1995645301
969014089
-1865129440
-1702973492
320754929
625544147
-168702131
597823453
-83038083
-1087470856
-1729411678
1401547607
-865992143
479951965
-1533991157
945148590
-1310296477
-286232777
-1104732937
-1197099994
-287509415
1714371700
-283783269
-543789204
-1819385584
-437918219
2723667
-1014832274
1298832340
-929804093
-1152355330
-242337
-450734645
43551676
684698778
-1646100093
-69588506
222582647
-1159545562
2007360592
1443216668
-612712186
1584956363
1475472993
770540263
568840417
-1044258654
-716066319
1874168226
1025610944
-1838925135
326854468
-1803790328
38350626
-187777760
107797792
1118861451
1928025723
1033288138
-867959007
-1538979918
1830953618
125908504
1114948518
525069773
2052710369
-2080018375
-175164527
-385791889
1074690298
-1437737247
-1627710823
461975380
121144024
-1377962925
2072939982
1246460082
-881234978
-1240034773
-2143097771
-663173503
-1550023049
-2128020650
-345545891
126649910
-1235781415
-1491334248
-216888480
708975032
863248735
-829144250
582463806
234727791
-346851321
1469308798
1681109483
392977034
511176700
1853141400
573687057
-290867326
1198120436
875166100
-781238874
