1371322356
2006026665
-47823955
1390386484
1475603028
1879245690
23673596
-322448382
653807486
176929282
1946418094
603895593
-70353475
1660842447
702822373
1710609721
1250125764
-536656465
960952369
407917769
1016121378
2022327240
957536060
-441661187
1323730924
-1644364612
643600455
-658743267
2078103563
-850261177
1495701747
364000211
1461772275
466256295
-1832359781
-885108829
1567320638
919701776
-1570710341
-1730147752
-420639976
-953716988
1188558243
-519344729
701375653
-1186050399
327052706
2036009055
276534623
-2042175966
-652187115
1253650425
867269181
403917323
-741435452
-309094039
328991238
185347803
941518411
1695345441
1808941670
1173425232
2068617439
155040155
980727906
1975969325
1812172471
-1571649925
1027723578
1433046224
13936563
-2005854410
1791988896
2000824771
-1644949978
-964637619
1074010817
1513177648
547103892
2143309971
612348832
704255795
-728954623
678043302
1299189490
768818887
-1560610231
-1452257624
-884622395
177951771
1333827501
-771633346
2099954837
-313239347
857459809
1917393708
-548558979
1784897387
-551666277
844648936
415607117
-370739421
1819471534
-1527634114
-396274926
942090
1781219914
169080314
-178830866
1498317860
1362397085
1134323656
307784113
-1272722896
-850251970
1642622773
1024240207
-535384636
-29823423
358194997
51413831
9276949
1603720002
-1592042358
-297373336
843705488
-1867486028
1614238877
1739251200
-1572041734
1511759500
491843097
1046851306
-642874443
2098275289
-1100555146
1350028871
-1802671444
1654567444
-1477328220
960338196
-724823634
-745555411
-940670120
607423031
-692688415
2138260794
1354610811
1172592693
-806010448
-836612811
1228143309
622353641
1070653756
-1447346927
1738789330
1953676120
-69715067
1180349214
199265155
294889333
1269434650
-1185609074
-606531599
-1521110527
-2104083816
82898868
-1888808497
733746466
1267269389
-418297405
-379354344
-148576303
-8661445
-116711680
54551587
1503381614
-783237340
-67992535
-494478468
-1507674895
721114627
389616497
-785803073
-1880009022
1760933180
-662864927
-155017785
-1338807094
-1357348129
-1105088209
-970399419
-1992001611
516312522
783835407
214086615
435447319
-685020010
-84615767
472331331
2029524717
695667430
902059729
181744348
2014458293
-1322782540
1625808865
-1202021911
1697615344
-295765095
-307472117
165783056
1916560496
1515311264
879606756
-1042304627
120490287
-1633529261
867571928
1301872535
646855884
1338668036
-1553913260
163936266
-1673527326
867343022
-1997368225
-2101646630
1742312861
-2082189970
-1899685720
1046076541
-198371865
1956659969
1857894597
616612535
1931345614
1288873920
-2089876197
-1160556488
-394375665
1270204951
-1851877753
1550308886
-1722819982
992021687
-2013873483
563100185
-1648148428
2116720307
-654730888
2013416926
220667099
-1045733365
-1925653488
-598326616
-843424215
-954364754
-875937025
948909163
1813370767
-1783978579
666455801
914287855
1218639545
1476841399
-1165369348
1841063072
1891271613
-1793637315
-1896382591
-494503426
-1984649152
1221456567
1139752262
-66005341
1508178045
1202586561
-1657926979
1165082780
600231400
267768527
366247007
1308779800
-542200153
873100821
-1685912370
236378413
-682350098
405757719
588173744
-592150877
1407588521
-2012913580
-1661007171
1932300786
-449607604
-1072524217
-2085390623
1105926517
622059661
634884589
-694578636
1899859026
274697096
609298834
724096223
-62590080
-901574304
-1183460434
-520142655
-203019741
-896494764
300687928
-1363469605
-621831865
-1838169500
-1622124432
826363947
395673905
-1016616010
1968694039
-933555540
907690692
-2131512018
1428468865
-522396303
69338586
61370518
-881469594
-960224090
778948628
2145094303
-1353472575
-1213027843
1801265588
1500088479
-126014671
942445110
-1271181320
-1929803618
1719438313
1315767291
-56564971
-1951304073
1086420952
-32851084
1947492679
1115085328
-2081705356
-510780489
1102369326
544443637
-1773361353
-1479867638
-1254337161
-1032173048
-1537015229
-1356995676
1121405041
215500020
795044512
-46264626
-916578322
273204512
-829301313
1818557825
1551817632
-1482924907
-2117665680
1480005995
-1255119752
-438765649
-1545297591
2027572203
596571430
-952918238
-96051987
-1403725412
-1032505714
-1292065791
-1242588996
-1807756179
2004718201
868658687
1576124833
1642718983
2059919724
-987272021
-1449332414
1389025259
-776396981
1420138900
336473134
452201106
-700623359
641625313
1896872503
1779887780
-1892225476
-599172333
1854727766
2005609654
344358264
-493934394
-883731671
2035108586
919595404
-379256921
145532987
-1987938264
110273053
-261933936
-682895698
1322145423
2017870723
122159727
-677818019
-1545687981
1114888227
1720240910
-495207860
-670949382
749565191
1477175194
-265625970
-653065790
-1200858147
1574093467
804020896
1450281738
849459262
-352574488
2052664226
-1233954160
830253502
-862953072
-212933546
1290110317
-1151473485
-127405344
180276580
1236217545
-155287884
1022809954
-621336830
-100955190
1514928110
386376563
2078827111
-1971082147
855154434
-531090541
421289111
-1665686649
1310656718
398579246
1746385894
103726289
-1052846332
-1079862353
1826178380
546929509
598506479
-361576677
-158184665
-214884043
-988713174
-1658398556
-1232134929
395052040
-776147492
1916693062
-100730760
1921343849
-956594541
408254296
-1094360147
-1944191443
-1881228084
236676887
-826344277
1973804334
-953211396
839590949
-647795402
-183218224
-1437533287
663401035
-1738601522
-865751176
-1095881210
-360736664
-1322688299
-2126505631
-1959906261
-594439595
-1298113475
5876045
-1738627415
453941583
