-500281057
1235598310
-1878086955
562300088
1970783405
-1293706087
-1544683465
-182365378
-1633525169
1410088750
1261049847
15615571
-2008872309
-1337697452
-1967442285
-440580587
-930205011
1946257272
-1909014093
2009449662
2031049176
-233295398
-802781086
-327562862
1970853922
102601720
1683498570
1287177257
-1915847509
-1784046591
1586087657
-864211223
1076222119
-1644468819
1906455858
318934797
-1817022215
-1943517985
-1503856537
-641122803
1778779320
1593902465
336411494
1029965504
-1166099160
-1401282762
-1747088044
566817298
-2029760118
1890093692
50775684
1201366173
1161904118
237876320
280886571
-723547829
-1673693565
-658150186
-1007981325
-1539836878
-682882668
1187668935
-1823507302
204188996
-1521219041
705807122
-13399309
-441160240
-1982627337
-768971559
-692768322
-1091903518
1373559891
-885066019
-508657213
-983572873
-1994934528
1461830173
-1992694982
1904408054
1159222109
1243671621
1282862715
-1251874695
1826165803
-206325025
-352204290
2108702863
1814184461
1456542816
1604325188
-1961720479
-415298856
1772195190
-1129934952
-1894974091
-549050263
772548084
-862828088
-2105052857
-1011802485
-1399265049
-864193522
1828674452
1558566467
235029275
809612762
-1373158948
-1129235926
-1577894913
1951011929
378398347
2138944540
-1831555440
1769294479
-566529685
-900373602
329638941
327934734
2062209087
831788373
-2134333159
-57213260
-880005109
1247990564
-415074412
416118497
-170106837
-673945698
1759977262
-815272516
1663272179
1933460794
1316122720
1950733487
-1006312335
-996452513
1531920278
804012931
2097785509
-1616497863
-742295962
588392900
-893844329
605811556
-1068537922
-1168015324
-1125088371
1022497608
284781258
1990666321
-1893720141
-958270187
-1242196287
-1650466070
1478751577
-2047813893
-1612740738
-562258463
1450151253
1475910605
-271966609
142632096
-385092968
-2098373964
732952549
1082265266
-712043681
-1282010523
1484752631
-1253915602
983093992
-774964717
362038921
611371120
468446369
-780458174
969515689
1608405808
-1285070450
1421488720
-1086897476
712203201
1011257058
103291687
936667087
-1295247577
349858751
-722232865
1453145468
-114869740
1100129980
-786410490
-352419202
1549631631
-1359678668
1479421038
999869369
1342127190
-1873682313
1602246290
1413704760
-832194921
-827584781
-709981836
2005344658
370757739
-1546316702
1207878406
-1576796946
1364373742
-820535632
-1852976545
-1928455351
-301330006
-187031872
-1056734206
323433761
-155952780
1131933823
-808496047
1112830746
646742633
1798132896
734964062
-1127836373
-1350242034
1401846626
1921168430
1908881801
697710963
495793552
-858269243
836469166
730600390
1358871589
-897083302
-133514311
-1914102071
1210068007
1155781644
908054333
-2147354488
-961526443
-331366545
1866448071
725919626
-1356419742
-844666818
-1491579398
880983978
-371322511
-2016742301
-569564266
1091028189
414469405
1411828605
716326025
-1476395504
-1626932694
-1639576141
-1753146567
-968278100
325205492
-1064500111
-913488319
1235140771
2016769023
2028631781
-463980309
2114342601
1088822390
549689871
-1738053553
487659638
1167867116
-690648097
248186967
171271172
1142850315
18112238
1185278422
769477228
-16603934
-1051750602
854165953
-946110305
867409829
1886557902
20349783
-344398890
71970681
-892256341
876422671
-2112094723
949155559
492340454
-585885834
1190352998
-298242200
-5972615
-651664911
1110823334
126049053
51054483
350525693
1587385323
1531067533
1923961042
714928942
-1922368628
1929020616
-1061240453
831943332
-1833201176
-638494374
-2040495809
-361174610
-149883871
-2147367867
922503912
-831338551
142573094
-1478766048
274758448
1971781950
-1611888374
-995732120
-826416584
-603691097
-768855080
1368459134
-2050232472
-607953564
-560029867
1152508311
1438382951
-1563381767
1306831172
-396369129
-835226024
-1145672879
1769101843
1767018930
115787300
-576207237
1709419304
1400168042
-712875973
-309682194
-1209049040
1685467674
-1676367506
-1269679067
-1850665762
-1423119682
-2083511264
1760308853
-2082165584
-438319535
277528834
-1363812499
-638637042
757629738
778720326
1414716515
-800320274
1320665542
-716853272
947048985
-375119438
-1934779706
1111511414
-1528887007
89056257
-1293624824
487527875
1568202933
1204865646
-1847466215
-702767546
500109314
-1314325347
468572595
-1878152688
1704499375
-1989594993
-755493854
-532233620
242333066
1911701293
-1557965457
1142618721
1387117540
-1072016773
-1953607023
1195503877
197081525
594843273
1754225625
-2123481750
306581861
591350433
-1355197501
-1500400727
-1492292903
-1550413021
-1503632159
-242060239
1777277627
787114171
-1150846602
-549934450
-1962055034
-267252757
1572242541
-1672332447
-1114789900
-917546545
-1016687830
-273159578
-938804944
926524361
-1070920368
1672653422
-2064892957
2033438293
1678148876
1590294391
-1968733672
1116873738
-1017212487
1203815594
2065074370
-1340983577
-990706618
69919592
-270226490
-1136482396
1352033398
135769345
1575307696
2075275238
-2014086232
-1769115063
-203372337
-247843308
-595561476
818998908
-912012037
-1812149602
1785582294
1921942335
1874672819
1581632336
1133361315
-135841947
10763309
-1602935915
-1582277418
1010338397
-1262493715
-1186856929
-42896680
-306681326
620498015
-354466759
-1488371362
794491176
-2017847015
211924811
614635396
1930485688
1832836823
256369277
83872261
199973049
-110985465
1462296311
1618053549
702814750
180400888
979806151
-1489875801
689442140
1805036428
-1707717510
-713359846
-1201498212
2144534153
-800196765
1536865121
-1964232606
-276707034
101059886
671880178
1945556162
1401020444
-335007687
-1923850224
-536954683
-500281057
1235598310
-1878086955
562300088
1970783405
-1293706087
-1544683465
-182365378
-1633525169
1410088750
1261049847
15615571
-2008872309
-1337697452
-1967442285
-440580587
-930205011
1946257272
-1909014093
2009449662
2031049176
-233295398
-802781086
-327562862
1970853922
102601720
1683498570
1287177257
-1915847509
-1784046591
1586087657
-864211223
1076222119
-1644468819
1906455858
318934797
-1817022215
-1943517985
-1503856537
-641122803
1778779320
1593902465
336411494
1029965504
-1166099160
-1401282762
-1747088044
566817298
-2029760118
1890093692
50775684
1201366173
1161904118
237876320
280886571
-723547829
-1673693565
-658150186
-1007981325
-1539836878
-682882668
1187668935
-1823507302
204188996
-1521219041
705807122
-13399309
-441160240
-1982627337
-768971559
-692768322
-1091903518
1373559891
-885066019
-508657213
-983572873
-1994934528
1461830173
-1992694982
1904408054
1159222109
1243671621
1282862715
-1251874695
1826165803
-206325025
-352204290
2108702863
1814184461
1456542816
1604325188
-1961720479
-415298856
1772195190
-1129934952
-1894974091
-549050263
772548084
-862828088
-2105052857
-1011802485
-1399265049
-864193522
1828674452
1558566467
235029275
809612762
-1373158948
-1129235926
-1577894913
1951011929
378398347
2138944540
-1831555440
1769294479
-566529685
-900373602
329638941
327934734
2062209087
831788373
-2134333159
-57213260
-880005109
1247990564
-415074412
416118497
-170106837
-673945698
1759977262
-815272516
1663272179
1933460794
1316122720
1950733487
-1006312335
-996452513
1531920278
804012931
2097785509
-1616497863
-742295962
588392900
-893844329
605811556
-1068537922
-1168015324
-1125088371
1022497608
284781258
1990666321
-1893720141
-958270187
-1242196287
-1650466070
1478751577
-2047813893
-1612740738
-562258463
1450151253
1475910605
-271966609
142632096
-385092968
-2098373964
732952549
1082265266
-712043681
-1282010523
1484752631
-1253915602
983093992
-774964717
362038921
611371120
468446369
-780458174
969515689
1608405808
-1285070450
1421488720
-1086897476
712203201
1011257058
103291687
936667087
-1295247577
349858751
-722232865
1453145468
-114869740
1100129980
-786410490
-352419202
1549631631
-1359678668
1479421038
999869369
1342127190
-1873682313
1602246290
1413704760
-832194921
-827584781
-709981836
2005344658
370757739
-1546316702
1207878406
-1576796946
1364373742
-820535632
-1852976545
-1928455351
-301330006
-187031872
-1056734206
323433761
-155952780
1131933823
-808496047
1112830746
646742633
1798132896
734964062
-1127836373
-1350242034
1401846626
1921168430
1908881801
697710963
495793552
-858269243
836469166
730600390
1358871589
-897083302
-133514311
-1914102071
1210068007
1155781644
908054333
-2147354488
-961526443
-331366545
1866448071
725919626
-1356419742
-844666818
-1491579398
880983978
-371322511
-2016742301
-569564266
1091028189
414469405
1411828605
716326025
-1476395504
-1626932694
-1639576141
-1753146567
-968278100
325205492
-1064500111
-913488319
1235140771
2016769023
2028631781
-463980309
2114342601
1088822390
549689871
-1738053553
487659638
1167867116
-690648097
248186967
171271172
1142850315
18112238
1185278422
769477228
-16603934
-1051750602
854165953
-946110305
867409829
1886557902
20349783
-344398890
71970681
-892256341
876422671
-2112094723
949155559
492340454
-585885834
1190352998
-298242200
-5972615
-651664911
1110823334
126049053
51054483
350525693
1587385323
1531067533
1923961042
714928942
-1922368628
1929020616
-1061240453
831943332
-1833201176
-638494374
-2040495809
-361174610
-149883871
-2147367867
922503912
-831338551
142573094
-1478766048
274758448
1971781950
-1611888374
-995732120
-826416584
-603691097
-768855080
1368459134
-2050232472
-607953564
-560029867
1152508311
1438382951
-1563381767
1306831172
-396369129
-835226024
-1145672879
1769101843
1767018930
115787300
-576207237
1709419304
1400168042
-712875973
-309682194
-1209049040
1685467674
-1676367506
-1269679067
-1850665762
-1423119682
-2083511264
1760308853
-2082165584
-438319535
277528834
-1363812499
-638637042
757629738
778720326
1414716515
-800320274
1320665542
-716853272
947048985
-375119438
-1934779706
1111511414
-1528887007
89056257
-1293624824
487527875
1568202933
1204865646
-1847466215
-702767546
500109314
-1314325347
468572595
-1878152688
1704499375
-1989594993
-755493854
-532233620
242333066
1911701293
-1557965457
1142618721
1387117540
-1072016773
-1953607023
1195503877
197081525
594843273
1754225625
-2123481750
306581861
591350433
-1355197501
-1500400727
-1492292903
-1550413021
-1503632159
-242060239
1777277627
787114171
-1150846602
-549934450
-1962055034
-267252757
1572242541
-1672332447
-1114789900
-917546545
-1016687830
-273159578
-938804944
926524361
-1070920368
1672653422
-2064892957
2033438293
1678148876
1590294391
-1968733672
1116873738
-1017212487
1203815594
2065074370
-1340983577
-990706618
69919592
-270226490
-1136482396
1352033398
135769345
1575307696
2075275238
-2014086232
-1769115063
-203372337
-247843308
-595561476
818998908
-912012037
-1812149602
1785582294
1921942335
1874672819
1581632336
1133361315
-135841947
10763309
-1602935915
-1582277418
1010338397
-1262493715
-1186856929
-42896680
-306681326
620498015
-354466759
-1488371362
794491176
-2017847015
211924811
614635396
1930485688
1832836823
256369277
83872261
199973049
-110985465
1462296311
1618053549
702814750
180400888
979806151
-1489875801
689442140
1805036428
-1707717510
-713359846
-1201498212
2144534153
-800196765
1536865121
-1964232606
-276707034
101059886
671880178
1945556162
1401020444
-335007687
-1923850224
-536954683
