-1531948238
1045254934
985060576
1607792385
-1050249775
1850524371
453846508
-1840077425
-556639044
1333993182
-101022848
612531677
1802365892
2024071293
-1460478012
-1545476550
534603394
-1341741352
-943230369
1591814762
-1456565235
2072202370
1072062438
516477672
-11113084
-484759290
-1128236606
-842495089
-570080485
435063252
678713245
1574948941
-1004645693
-132505877
2041436433
-1231993436
2076781369
278765109
-1300397738
215132707
1766410862
288100016
-555452296
171191941
-644606426
-506453937
-872528807
-216681124
-1117248895
-356004852
1250076481
1535764648
646396101
804025703
2099138777
272181633
-1347270275
-962054500
558122082
-913212652
1295656938
-1693331996
1969634953
-941236580
881407241
-1440695166
1586740993
2082897201
308690716
-15259133
1415778369
1189303940
-1387213425
-738585034
1149054803
790578294
1162585710
-773593725
1621656746
-293342214
-1579482295
1648158416
-118545782
-1492300119
-1141234673
-806667933
-2086421856
1753241939
280266706
2130356224
-950279391
-276992715
-1717546363
2024453761
-1471740403
2000431414
-162607797
667572332
-1038963152
-1741829207
727209272
1182609619
1964315984
309754100
-908620745
-1259663398
183074432
1641882116
1035307149
-330518000
-855616422
1319039541
-1951782161
1863685929
-911227699
519323216
1199689859
-203451861
63520409
-1081424159
737943778
1560673142
1090361131
1811691286
-634766343
-1036957191
2061122168
-1146367867
-774176016
-1106067688
100781142
965608012
-1059969388
-1146563000
593312062
1522038650
-249056311
44630398
-1650378648
658088722
619455377
-990882159
2085975442
335559190
-2065179550
-1852041051
-291648402
1177908939
1378921956
-1272403113
601387144
593566858
23670002
-1926211904
-2071931244
-1626511216
-1029967799
-1881345260
-1664849016
-1919616756
206750125
-997642515
-1111558956
1718219980
230228932
881209670
-33237537
402523767
-1329617561
-1817161284
-1575566595
-1536490691
-137711513
-1199999492
671029500
2102435582
1212004940
903670301
2144955269
-1836305705
1015111327
144456314
905138722
1627178438
-799631553
-765153508
495577203
1141194828
1954541695
1369198152
-1245340017
2020186246
1318100056
-1250591653
766972718
615223461
-1959816804
1464497624
-375533846
169865924
683905984
1777792200
345287006
941520255
-1346565426
-994338239
-1238196087
1485139857
-1572706273
1532815853
706552212
-814851281
-60652959
-1735430010
1904576074
-55199979
572902750
-1626166356
-768792873
-1699893370
-1516031823
640385944
-866283511
-1457627391
-1473084809
-558523846
1230342198
-475163277
-430276355
506960300
2003622352
-320185898
-1190732138
787548785
1349374234
-399101840
2116576513
-1394986236
-1525841527
-548672834
-1836203774
-1608505476
-571520984
-1824696085
-1699345227
-404051563
-1624626393
-66904347
948184242
-1033932669
-227944333
-256653850
-1040138841
1623796347
588295887
-1837568619
1199419028
-1300173052
1717226083
202264124
-705917541
-1485043556
1311196266
-527455274
-185797768
-1904779687
719542461
407257005
81870147
-1936831434
920322810
1276915138
630628435
1878403616
-1538932397
2097792299
-1312453924
-2017998185
1140854076
-1442246194
2032412314
1660235990
676228064
458506712
300409559
-1454839934
559844710
540447989
-368157587
1247624177
152753742
1606071319
-322121708
102420910
763695994
225785843
-479160385
267489514
896926317
-13714067
598167053
1044427504
-1832530954
239220842
-367135504
253594223
-1326153072
-1217772505
-1087028902
1817417463
1232268646
-1100311172
921228873
1093264390
-1909325052
2003073086
1090409070
835043152
1315958929
-1712568150
-1610913127
1388786522
-640950753
-1079290698
-1965674336
842590296
518293240
1704605042
-501164255
-1618702126
2032367327
-1540535120
-2101509477
-2033943293
629701632
-1593356854
1350913538
1711166544
-564875560
-1021035737
952825592
-1605251931
1663360388
-607539952
-497378285
1683056410
-244402311
-306967010
1577873019
-1536194940
-646926016
1743192395
667124200
-1976989276
1536043430
1435927329
-1748915116
546076233
-683628600
926224355
2120451380
1685641216
1181568029
1009218250
1617764602
-261986523
1083055084
1248084170
1284236241
-1771473495
1581957747
1578020387
-546713756
-2037118249
579357262
-1754978995
725136112
-709037614
-1287485660
602650507
233541182
665309062
927963537
1136239120
88371117
1418486650
1817249982
1138385441
769091712
-1996441695
-974996531
-1872443481
749997604
843577256
-479458200
274817232
188092860
-1794146155
920860899
398243335
-1612625652
-248331053
1769939244
-648193917
-1345886144
1693893528
-1250355606
-1165165928
-1444414575
1945242373
-984841738
-1341138025
-379039379
1568213418
1577902198
-1233141555
77873915
1992354365
-598159176
632426816
2005059400
2075064878
-643595548
-168028516
1904815532
-1250725331
1393085744
-1695555150
-673630362
-1098434837
-1321354781
38521021
631295383
153684321
-1122777202
-1934111832
33921819
935586028
-1856749229
1167986963
-1959176149
-607362222
2103410565
-705059748
1037634791
429401475
1377667579
-1003252593
-1651502139
2132647929
-182526330
1153168495
-894862398
1584125380
1924649206
-207544661
-494688529
727178819
-364141942
-768287087
-1760637566
235509598
-2143146564
1304409939
2105734056
-990867158
-94381168
390814093
1638553714
-1147382929
-796312661
263285633
449482891
-918129536
1865570694
232110729
626144461
1831048454
35943382
-1371644495
-1563313705
-825565506
1458036381
-35175393
595692825
-2130588176
-1829543143
-171027585
44470560
-1085550135
-887640758
343532399
675574771
-1079584240
-389073515
-1778742845
-1288149263
880051343
1085029622
1389638187
-536793473
-1531948238
1045254934
985060576
1607792385
-1050249775
1850524371
453846508
-1840077425
-556639044
1333993182
-101022848
612531677
1802365892
2024071293
-1460478012
-1545476550
534603394
-1341741352
-943230369
1591814762
-1456565235
2072202370
1072062438
516477672
-11113084
-484759290
-1128236606
-842495089
-570080485
435063252
678713245
1574948941
-1004645693
-132505877
2041436433
-1231993436
2076781369
278765109
-1300397738
215132707
1766410862
288100016
-555452296
171191941
-644606426
-506453937
-872528807
-216681124
-1117248895
-356004852
1250076481
1535764648
646396101
804025703
2099138777
272181633
-1347270275
-962054500
558122082
-913212652
1295656938
-1693331996
1969634953
-941236580
881407241
-1440695166
1586740993
2082897201
308690716
-15259133
1415778369
1189303940
-1387213425
-738585034
1149054803
790578294
1162585710
-773593725
1621656746
-293342214
-1579482295
1648158416
-118545782
-1492300119
-1141234673
-806667933
-2086421856
1753241939
280266706
2130356224
-950279391
-276992715
-1717546363
2024453761
-1471740403
2000431414
-162607797
667572332
-1038963152
-1741829207
727209272
1182609619
1964315984
309754100
-908620745
-1259663398
183074432
1641882116
1035307149
-330518000
-855616422
1319039541
-1951782161
1863685929
-911227699
519323216
1199689859
-203451861
63520409
-1081424159
737943778
1560673142
1090361131
1811691286
-634766343
-1036957191
2061122168
-1146367867
-774176016
-1106067688
100781142
965608012
-1059969388
-1146563000
593312062
1522038650
-249056311
44630398
-1650378648
658088722
619455377
-990882159
2085975442
335559190
-2065179550
-1852041051
-291648402
1177908939
1378921956
-1272403113
601387144
593566858
23670002
-1926211904
-2071931244
-1626511216
-1029967799
-1881345260
-1664849016
-1919616756
206750125
-997642515
-1111558956
1718219980
230228932
881209670
-33237537
402523767
-1329617561
-1817161284
-1575566595
-1536490691
-137711513
-1199999492
671029500
2102435582
1212004940
903670301
2144955269
-1836305705
1015111327
144456314
905138722
1627178438
-799631553
-765153508
495577203
1141194828
1954541695
1369198152
-1245340017
2020186246
1318100056
-1250591653
766972718
615223461
-1959816804
1464497624
-375533846
169865924
683905984
1777792200
345287006
941520255
-1346565426
-994338239
-1238196087
1485139857
-1572706273
1532815853
706552212
-814851281
-60652959
-1735430010
1904576074
-55199979
572902750
-1626166356
-768792873
-1699893370
-1516031823
640385944
-866283511
-1457627391
-1473084809
-558523846
1230342198
-475163277
-430276355
506960300
2003622352
-320185898
-1190732138
787548785
1349374234
-399101840
2116576513
-1394986236
-1525841527
-548672834
-1836203774
-1608505476
-571520984
-1824696085
-1699345227
-404051563
-1624626393
-66904347
948184242
-1033932669
-227944333
-256653850
-1040138841
1623796347
588295887
-1837568619
1199419028
-1300173052
1717226083
202264124
-705917541
-1485043556
1311196266
-527455274
-185797768
-1904779687
719542461
407257005
81870147
-1936831434
920322810
1276915138
630628435
1878403616
-1538932397
2097792299
-1312453924
-2017998185
1140854076
-1442246194
2032412314
1660235990
676228064
458506712
300409559
-1454839934
559844710
540447989
-368157587
1247624177
152753742
1606071319
-322121708
102420910
763695994
225785843
-479160385
267489514
896926317
-13714067
598167053
1044427504
-1832530954
239220842
-367135504
253594223
-1326153072
-1217772505
-1087028902
1817417463
1232268646
-1100311172
921228873
1093264390
-1909325052
2003073086
1090409070
835043152
1315958929
-1712568150
-1610913127
1388786522
-640950753
-1079290698
-1965674336
842590296
518293240
1704605042
-501164255
-1618702126
2032367327
-1540535120
-2101509477
-2033943293
629701632
-1593356854
1350913538
1711166544
-564875560
-1021035737
952825592
-1605251931
1663360388
-607539952
-497378285
1683056410
-244402311
-306967010
1577873019
-1536194940
-646926016
1743192395
667124200
-1976989276
1536043430
1435927329
-1748915116
546076233
-683628600
926224355
2120451380
1685641216
1181568029
1009218250
1617764602
-261986523
1083055084
1248084170
1284236241
-1771473495
1581957747
1578020387
-546713756
-2037118249
579357262
-1754978995
725136112
-709037614
-1287485660
602650507
233541182
665309062
927963537
1136239120
88371117
1418486650
1817249982
1138385441
769091712
-1996441695
-974996531
-1872443481
749997604
843577256
-479458200
274817232
188092860
-1794146155
920860899
398243335
-1612625652
-248331053
1769939244
-648193917
-1345886144
1693893528
-1250355606
-1165165928
-1444414575
1945242373
-984841738
-1341138025
-379039379
1568213418
1577902198
-1233141555
77873915
1992354365
-598159176
632426816
2005059400
2075064878
-643595548
-168028516
1904815532
-1250725331
1393085744
-1695555150
-673630362
-1098434837
-1321354781
38521021
631295383
153684321
-1122777202
-1934111832
33921819
935586028
-1856749229
1167986963
-1959176149
-607362222
2103410565
-705059748
1037634791
429401475
1377667579
-1003252593
-1651502139
2132647929
-182526330
1153168495
-894862398
1584125380
1924649206
-207544661
-494688529
727178819
-364141942
-768287087
-1760637566
235509598
-2143146564
1304409939
2105734056
-990867158
-94381168
390814093
1638553714
-1147382929
-796312661
263285633
449482891
-918129536
1865570694
232110729
626144461
1831048454
35943382
-1371644495
-1563313705
-825565506
1458036381
-35175393
595692825
-2130588176
-1829543143
-171027585
44470560
-1085550135
-887640758
343532399
675574771
-1079584240
-389073515
-1778742845
-1288149263
880051343
1085029622
1389638187
-536793473
