-313703761
-966865734
-1146890193
-2077118055
-62337433
-1701380952
103253336
-364091843
1189462480
-1947556190
-1190844112
-542706392
1821576040
-792848643
-1696463729
-1518760859
325988872
-908859959
1765252071
706730032
-819818069
895979166
-1905650914
1741949722
-251047935
-1771102336
-298562381
93583671
1039964340
-1232696265
241878090
-1388333015
566597098
931729083
-1887436436
-1694762257
-968997631
-1792359435
-803931054
-858325086
2024739129
2126426083
-2142393683
1239926714
-399866515
703213639
130524806
1446693670
1862153979
1086790810
1538314261
1622730348
-1882647817
-1535759076
612554315
-1917132347
885791116
1181374040
1445017371
-1708524206
465523466
947027009
2123582132
-1357145041
817050765
1768227879
751665056
-1132588693
-1164272736
-1985163141
1272588329
764594971
-632773880
-1336620892
-980434327
-107654408
1183034984
1841695099
2143938921
-49392574
705272099
1275222906
1802499338
-1192594812
-984448591
133743266
1229409761
1265403838
758076372
862859384
-1622320191
-689478440
-1664820999
859678928
-1939131285
246874410
-1642475970
195365397
-868217053
-1109653251
44371094
-92629821
-1089551246
-1713602367
1416036222
2076829038
-1278540646
-209664477
-630712030
-984019394
-2053063857
122373583
1757952849
1743865982
-1105945662
165497619
-1845045348
-1500210445
794374929
-1048706268
769832204
-743291296
-108772904
317835263
1897376722
1462059683
493346052
-292365210
-2014044220
733896249
697288916
-1928441592
-669780085
-1417696339
1229114811
16233215
-880112174
2021709175
1165780328
1303334401
1531267165
-1428140729
-1172370189
1539809788
-1998596268
-474231232
2013022943
1714294056
-17016097
-465084714
-677920832
1042862256
-712242291
-145806786
460086294
497838494
-541384274
-1477351813
-1910000414
972775219
-2013571918
-210104074
191657444
1393371355
-1088001449
-428323599
1567713896
1537081002
-600698394
-302606769
-1300255137
-168261434
-1277928378
33439557
1300219951
-324765335
-1220627208
352852345
852642850
-86546090
25847492
-1457407928
1017519375
805156663
2049485509
-1975803938
974953293
212020301
1781556086
-1288383197
534453614
2027255996
-1914643088
-1322948764
-2105006549
1676617976
-1602931346
1310326076
-1765300896
-8405183
-1970709165
1343271485
386993786
812619615
-1539823
-225031587
-1610012518
1637554955
-1850711086
1113681702
-1779812620
1973498667
-96034722
743569882
5945276
1824403352
2142483685
311467079
98110338
935726229
1857185139
-534654466
825857563
1187427312
-867843828
-609565315
-1754108
-479766439
-2036475310
-895344306
1530446376
-794321418
1856740514
1636337350
149601082
-1350464098
454661621
804318325
527525392
1390817971
-2126610763
551053880
562603685
-599775005
1609888618
779948990
-1280523347
-1002850331
-247618965
-1493198039
-1412798376
823915072
-894832976
913641619
243556369
-1157377323
81908646
-1032392102
-709697171
296939328
-1493429935
-1694102671
-2078108084
-2062628343
-1581725768
-1540895612
1505568754
-1732512204
2133985378
2032790614
1113174323
-730574211
-1130227638
1422236301
1911497844
-354754852
1498813190
-1617019676
1499064395
-1724242452
1942283180
-344695633
-1899133621
-2028430473
1886146967
1817615202
-513060305
1201124796
739518495
-866184289
-1485408184
536781308
-1362516032
223750742
-1948442810
-2006814816
462572322
-1102213504
949713937
1869467836
-973143346
-227690373
-1681129492
-792208908
1615269689
-1443647392
989442582
-1844841603
708588796
-1268739425
1220936836
568157751
596032285
-1026850834
1730334965
-1207967415
-1406693272
297795275
402866415
1639018496
180801652
-448128657
-1577171890
710599079
1079850158
-635693907
-840058321
1734036424
-1788297778
-2139716975
-2030002499
1330399477
-115924317
1357455568
-602645803
650028860
1864525258
1651414370
2001999603
78877691
-1282920702
1629762841
-649235646
-1653574343
1405670352
-1384870797
1635591816
1196716158
252487760
-261486269
1737328436
1823242673
1823788045
1880900834
1751509265
-1788018221
-1475199766
2091904966
-798952512
-2140678077
-240670504
1064324101
1522366099
1720593552
-1034899744
2120396567
-420570997
1203727655
163671676
-732737760
-2096593903
-798847723
808749190
21025294
134074163
-1626118208
1983043174
-1514024687
-1096523945
-232450711
-748503968
534454990
-2047419146
-1296510563
-1069866934
-1078758235
-1954318282
123676796
380576879
594214688
292734214
-1249831933
527330994
-75783340
61634179
2092279034
1101316456
-2013214315
1615710160
-1886661889
-1266998708
-789186867
743588677
548674847
-1763548971
-612704955
1023059499
1197948688
264443969
353633400
1383325059
2015388289
-1762410487
1184293761
-1944077614
1689588039
1971010024
1945601587
-163267404
-2007813796
-1000939613
-1064767987
455018986
-1339600965
1048849318
-1192991144
-199866208
-1608334883
343076639
-746755465
242996324
1259744660
-867200384
-56111876
1261492098
1168315309
-1953847175
1060431112
-1405975675
-449939869
209142579
-375571677
1248280518
1534461200
-785717006
-1157702705
257730441
-985875017
-1844067491
666186909
-1987549158
850961250
179862341
1725848460
-1088123345
412571195
1753389162
1900286269
123916634
1948970636
21546419
1486658379
-1518747016
-707477068
-909796140
743641719
-1540056460
122404744
-1375234714
1966006702
1150051342
-1926313686
-628236899
-1849640878
-1477959283
-446969207
1201488295
-1720526558
820726479
-1905242893
1496014607
1780825443
506607571
-754800567
409498971
-1186233183
-1827019335
-2056479512
-230086390
-1201238676
1696533684
-1384856756
1468267016
-1969628530
1702118668
301776601
-1640654930
1427420212
1786583573
1975574024
-536980078
