-1688690692
-1602883093
-949663349
1836063793
-1599297475
-389500135
50918822
1321451819
-421686274
1539514876
-1392722461
-1619571036
959708955
-866503578
418364281
-954643597
104495271
-1706225194
365439125
-863100715
-1573696913
348591071
-342715229
1984865726
-528639137
-16424209
298960842
2145756797
784171556
-1297856682
2117347783
-1073161803
-1338476588
850711833
1292738798
1139001152
-813441778
-855206871
-619957083
-2120697088
2117208418
-566021884
-856657518
320277758
587091170
1160680818
328092293
-336151259
-1776666971
-793029862
610132775
-1950418779
-1888667638
1337833741
1264977176
-1766859178
-349088292
-561419492
-2008035593
1819142805
-1544323044
1882900725
-2030923636
-1511917174
-1418522550
-848531708
-1667708795
-1974281317
1401272468
-1988328097
602980502
-169330391
1726450104
718984260
-719912715
449214310
990874933
-1898291001
-559508400
-258656545
955677960
923818829
-416003476
-1782053156
1768025670
-1273988414
-1792085391
1647666139
-178103564
-1301158784
1702232482
-37912949
-408814510
1840056884
1664125635
-827091822
1192347920
392132127
334842446
253190353
874929588
389006115
721295791
-1417921434
335251985
1124849005
1089535939
-186485200
1145982292
-464528249
1845971787
-1650810701
-2125008464
1213873565
-1674665085
218158757
1620181597
-2030969537
-344148117
342008216
1639075341
-1396381208
1627949415
709533936
-110448866
1560178261
2052145874
455722944
975956964
-510901206
1430566506
-1319519346
200971083
-1918349566
-1146686112
850636692
802542809
-863254155
1810510227
1716878195
555163162
-287140805
-379149327
888039280
-1997023963
646726113
1788984347
-1241803967
-1854381825
-1622201387
-226947913
1460500989
147274715
1406877849
901897949
1582548378
1430844155
-599381832
-368085752
-863328057
-1710775183
-981427586
-1878859444
1648014291
761991918
1871107369
1515289072
-1453837105
1962466483
1501623521
-62906865
2117761717
994429553
-2044453610
949969787
-1059157372
546892913
-1026912913
-1994153597
-223431366
1240449557
-1233592386
726675439
-1420264751
727633644
-1742703319
-647646926
-1891257257
-284361485
1058858537
-1485838959
-2020200352
-1385234957
2063090923
309831772
-1121359147
-2084697847
1120717560
-1352443185
-1892198121
204756994
1057027796
983769206
1707705263
-1095050546
1054288531
-371382990
439117344
282233160
-1195885614
1557534012
-1170357886
1294339217
14376219
952913923
-275754100
-1985813534
-1426033677
1230141374
1790934345
1815790975
-50601943
-1965447038
-751517016
486368753
829322351
220855627
148531800
1794300976
1564923319
-1608525104
-192931802
-503541368
-1121477237
468376621
-1103510429
514320361
-1980950274
1716948515
887785309
-1532292413
-967334388
-1136593941
530452477
2006301902
-147916862
872989936
1390061053
-665303437
-609779643
1649538090
-70426816
1004918781
1833848465
580795492
1666050814
-1283561649
17653314
-1564291182
-1780400375
100913865
-1228560553
-1701012234
-1292249028
837087136
1604494878
1575764937
1806353859
-834627788
-1952869054
-1360048425
-1355554300
1903474290
-1527725998
1282787246
841205939
2112197459
1193241141
-1906777473
947268153
-609278609
1443690021
-1313451270
801962590
1410420559
165617088
-367551525
1365644775
-1100831698
1267594342
867767170
1201878496
805926215
262652735
442954039
1716537570
-822360057
1048995020
1473155996
1499580141
-1535084178
352188509
1885303726
-1093663382
46430491
1037566495
425998305
-1745794082
365958345
-754954094
1264196913
-1915443467
-1501911975
184342533
-1169297977
1477934112
-388874351
573219880
-1010381307
2059639033
362416100
1237135080
-1176536746
325589696
-325001754
857417513
1223738940
1775703093
-758464624
1091431472
-12552382
-1956961036
-1921404193
1260251364
-1461187285
-577120548
-242271436
-355157799
2020396328
1186073208
1612336974
-922101729
-1315492038
568244744
-1837487725
-1768759739
-1206173794
-1537459706
-1768253242
-1401038652
746569911
1172908726
1946634625
-1524680688
-131093941
-1664375331
-463822776
1107671624
-419785251
1828392724
958690808
-446422706
-131106913
-56319746
-1190885680
1459330351
-138848145
-1327157890
-223930903
1257466920
1534620025
264835941
-410874395
300892463
1586776279
-877392166
-1259941910
-1647550857
1460111914
7856206
762465002
-1515547524
211405458
1591986304
1239071461
1558804340
1262663383
-77736891
1210770969
79205471
300155323
-684121724
-1285251841
-234068865
-1099953589
227371748
456938877
-876569192
1273357218
-1294230910
995690330
168261026
-1828742688
1218079
1743879134
-1138180124
-1624354715
-231815717
581749197
-1118801406
986252729
-769524408
1530245636
-709129060
-1712332695
2142219472
1756066679
391247646
-1362204998
-262383223
995960891
-1237602362
-75511023
-1466242087
551206759
904161199
-781798859
1239880775
660224570
-2125608532
-1061816904
1759115042
233359208
983063098
-80047131
1512106157
-592583862
-501952152
934785019
628730170
214747244
1007851527
-1731408248
2036503707
1199910916
635090952
1053192819
1613039051
-1392202286
-183017495
1673475139
-663033337
-1218470510
-513317893
7613038
1233049112
-1591309805
1982067067
728439881
-1854084570
-225696033
621843657
-655496741
-1756085009
-1314596306
1869725178
-549066138
620411141
1333869530
91006258
-1548078674
-829981262
-302104089
1303542622
-767002135
-163016811
-1043713553
99665282
-1839194581
1522044554
-1109979934
-1613252112
-572725134
1981519835
-746626179
231137656
-444900126
-548854712
933384552
-318485787
614309184
-731568486
1587829428
514439749
-1909115150
260847393
1101110618
1254047058
1355874514
2074176832
-536739687
-1688690692
-1602883093
-949663349
1836063793
-1599297475
-389500135
50918822
1321451819
-421686274
1539514876
-1392722461
-1619571036
959708955
-866503578
418364281
-954643597
104495271
-1706225194
365439125
-863100715
-1573696913
348591071
-342715229
1984865726
-528639137
-16424209
298960842
2145756797
784171556
-1297856682
2117347783
-1073161803
-1338476588
850711833
1292738798
1139001152
-813441778
-855206871
-619957083
-2120697088
2117208418
-566021884
-856657518
320277758
587091170
1160680818
328092293
-336151259
-1776666971
-793029862
610132775
-1950418779
-1888667638
1337833741
1264977176
-1766859178
-349088292
-561419492
-2008035593
1819142805
-1544323044
1882900725
-2030923636
-1511917174
-1418522550
-848531708
-1667708795
-1974281317
1401272468
-1988328097
602980502
-169330391
1726450104
718984260
-719912715
449214310
990874933
-1898291001
-559508400
-258656545
955677960
923818829
-416003476
-1782053156
1768025670
-1273988414
-1792085391
1647666139
-178103564
-1301158784
1702232482
-37912949
-408814510
1840056884
1664125635
-827091822
1192347920
392132127
334842446
253190353
874929588
389006115
721295791
-1417921434
335251985
1124849005
1089535939
-186485200
1145982292
-464528249
1845971787
-1650810701
-2125008464
1213873565
-1674665085
218158757
1620181597
-2030969537
-344148117
342008216
1639075341
-1396381208
1627949415
709533936
-110448866
1560178261
2052145874
455722944
975956964
-510901206
1430566506
-1319519346
200971083
-1918349566
-1146686112
850636692
802542809
-863254155
1810510227
1716878195
555163162
-287140805
-379149327
888039280
-1997023963
646726113
1788984347
-1241803967
-1854381825
-1622201387
-226947913
1460500989
147274715
1406877849
901897949
1582548378
1430844155
-599381832
-368085752
-863328057
-1710775183
-981427586
-1878859444
1648014291
761991918
1871107369
1515289072
-1453837105
1962466483
1501623521
-62906865
2117761717
994429553
-2044453610
949969787
-1059157372
546892913
-1026912913
-1994153597
-223431366
1240449557
-1233592386
726675439
-1420264751
727633644
-1742703319
-647646926
-1891257257
-284361485
1058858537
-1485838959
-2020200352
-1385234957
2063090923
309831772
-1121359147
-2084697847
1120717560
-1352443185
-1892198121
204756994
1057027796
983769206
1707705263
-1095050546
1054288531
-371382990
439117344
282233160
-1195885614
1557534012
-1170357886
1294339217
14376219
952913923
-275754100
-1985813534
-1426033677
1230141374
1790934345
1815790975
-50601943
-1965447038
-751517016
486368753
829322351
220855627
148531800
1794300976
1564923319
-1608525104
-192931802
-503541368
-1121477237
468376621
-1103510429
514320361
-1980950274
1716948515
887785309
-1532292413
-967334388
-1136593941
530452477
2006301902
-147916862
872989936
1390061053
-665303437
-609779643
1649538090
-70426816
1004918781
1833848465
580795492
1666050814
-1283561649
17653314
-1564291182
-1780400375
100913865
-1228560553
-1701012234
-1292249028
837087136
1604494878
1575764937
1806353859
-834627788
-1952869054
-1360048425
-1355554300
1903474290
-1527725998
1282787246
841205939
2112197459
1193241141
-1906777473
947268153
-609278609
1443690021
-1313451270
801962590
1410420559
165617088
-367551525
1365644775
-1100831698
1267594342
867767170
1201878496
805926215
262652735
442954039
1716537570
-822360057
1048995020
1473155996
1499580141
-1535084178
352188509
1885303726
-1093663382
46430491
1037566495
425998305
-1745794082
365958345
-754954094
1264196913
-1915443467
-1501911975
184342533
-1169297977
1477934112
-388874351
573219880
-1010381307
2059639033
362416100
1237135080
-1176536746
325589696
-325001754
857417513
1223738940
1775703093
-758464624
1091431472
-12552382
-1956961036
-1921404193
1260251364
-1461187285
-577120548
-242271436
-355157799
2020396328
1186073208
1612336974
-922101729
-1315492038
568244744
-1837487725
-1768759739
-1206173794
-1537459706
-1768253242
-1401038652
746569911
1172908726
1946634625
-1524680688
-131093941
-1664375331
-463822776
1107671624
-419785251
1828392724
958690808
-446422706
-131106913
-56319746
-1190885680
1459330351
-138848145
-1327157890
-223930903
1257466920
1534620025
264835941
-410874395
300892463
1586776279
-877392166
-1259941910
-1647550857
1460111914
7856206
762465002
-1515547524
211405458
1591986304
1239071461
1558804340
1262663383
-77736891
1210770969
79205471
300155323
-684121724
-1285251841
-234068865
-1099953589
227371748
456938877
-876569192
1273357218
-1294230910
995690330
168261026
-1828742688
1218079
1743879134
-1138180124
-1624354715
-231815717
581749197
-1118801406
986252729
-769524408
1530245636
-709129060
-1712332695
2142219472
1756066679
391247646
-1362204998
-262383223
995960891
-1237602362
-75511023
-1466242087
551206759
904161199
-781798859
1239880775
660224570
-2125608532
-1061816904
1759115042
233359208
983063098
-80047131
1512106157
-592583862
-501952152
934785019
628730170
214747244
1007851527
-1731408248
2036503707
1199910916
635090952
1053192819
1613039051
-1392202286
-183017495
1673475139
-663033337
-1218470510
-513317893
7613038
1233049112
-1591309805
1982067067
728439881
-1854084570
-225696033
621843657
-655496741
-1756085009
-1314596306
1869725178
-549066138
620411141
1333869530
91006258
-1548078674
-829981262
-302104089
1303542622
-767002135
-163016811
-1043713553
99665282
-1839194581
1522044554
-1109979934
-1613252112
-572725134
1981519835
-746626179
231137656
-444900126
-548854712
933384552
-318485787
614309184
-731568486
1587829428
514439749
-1909115150
260847393
1101110618
1254047058
1355874514
2074176832
-536739687
-1688690692
-1602883093
-949663349
1836063793
-1599297475
-389500135
50918822
1321451819
-421686274
1539514876
-1392722461
-1619571036
959708955
-866503578
418364281
-954643597
104495271
-1706225194
365439125
-863100715
-1573696913
348591071
-342715229
1984865726
-528639137
-16424209
298960842
2145756797
784171556
-1297856682
2117347783
-1073161803
-1338476588
850711833
1292738798
1139001152
-813441778
-855206871
-619957083
-2120697088
2117208418
-566021884
-856657518
320277758
587091170
1160680818
328092293
-336151259
-1776666971
-793029862
610132775
-1950418779
-1888667638
1337833741
1264977176
-1766859178
-349088292
-561419492
-2008035593
1819142805
-1544323044
1882900725
-2030923636
-1511917174
-1418522550
-848531708
-1667708795
-1974281317
1401272468
-1988328097
602980502
-169330391
1726450104
718984260
-719912715
449214310
990874933
-1898291001
-559508400
-258656545
955677960
923818829
-416003476
-1782053156
1768025670
-1273988414
-1792085391
1647666139
-178103564
-1301158784
1702232482
-37912949
-408814510
1840056884
1664125635
-827091822
1192347920
392132127
334842446
253190353
874929588
389006115
721295791
-1417921434
335251985
1124849005
1089535939
-186485200
1145982292
-464528249
1845971787
-1650810701
-2125008464
1213873565
-1674665085
218158757
1620181597
-2030969537
-344148117
342008216
1639075341
-1396381208
1627949415
709533936
-110448866
1560178261
2052145874
455722944
975956964
-510901206
1430566506
-1319519346
200971083
-1918349566
-1146686112
850636692
802542809
-863254155
1810510227
1716878195
555163162
-287140805
-379149327
888039280
-1997023963
646726113
1788984347
-1241803967
-1854381825
-1622201387
-226947913
1460500989
147274715
1406877849
901897949
1582548378
1430844155
-599381832
-368085752
-863328057
-1710775183
-981427586
-1878859444
1648014291
761991918
1871107369
1515289072
-1453837105
1962466483
1501623521
-62906865
2117761717
994429553
-2044453610
949969787
-1059157372
546892913
-1026912913
-1994153597
-223431366
1240449557
-1233592386
726675439
-1420264751
727633644
-1742703319
-647646926
-1891257257
-284361485
1058858537
-1485838959
-2020200352
-1385234957
2063090923
309831772
-1121359147
-2084697847
1120717560
-1352443185
-1892198121
204756994
1057027796
983769206
1707705263
-1095050546
1054288531
-371382990
439117344
282233160
-1195885614
1557534012
-1170357886
1294339217
14376219
952913923
-275754100
-1985813534
-1426033677
1230141374
1790934345
1815790975
-50601943
-1965447038
-751517016
486368753
829322351
220855627
148531800
1794300976
1564923319
-1608525104
-192931802
-503541368
-1121477237
468376621
-1103510429
514320361
-1980950274
1716948515
887785309
-1532292413
-967334388
-1136593941
530452477
2006301902
-147916862
872989936
1390061053
-665303437
-609779643
1649538090
-70426816
1004918781
1833848465
580795492
1666050814
-1283561649
17653314
-1564291182
-1780400375
100913865
-1228560553
-1701012234
-1292249028
837087136
1604494878
1575764937
1806353859
-834627788
-1952869054
-1360048425
-1355554300
1903474290
-1527725998
1282787246
841205939
2112197459
1193241141
-1906777473
947268153
-609278609
1443690021
-1313451270
801962590
1410420559
165617088
-367551525
1365644775
-1100831698
1267594342
867767170
1201878496
805926215
262652735
442954039
1716537570
-822360057
1048995020
1473155996
1499580141
-1535084178
352188509
1885303726
-1093663382
46430491
1037566495
425998305
-1745794082
365958345
-754954094
1264196913
-1915443467
-1501911975
184342533
-1169297977
1477934112
-388874351
573219880
-1010381307
2059639033
362416100
1237135080
-1176536746
325589696
-325001754
857417513
1223738940
1775703093
-758464624
1091431472
-12552382
-1956961036
-1921404193
1260251364
-1461187285
-577120548
-242271436
-355157799
2020396328
1186073208
1612336974
-922101729
-1315492038
568244744
-1837487725
-1768759739
-1206173794
-1537459706
-1768253242
-1401038652
746569911
1172908726
1946634625
-1524680688
-131093941
-1664375331
-463822776
1107671624
-419785251
1828392724
958690808
-446422706
-131106913
-56319746
-1190885680
1459330351
-138848145
-1327157890
-223930903
1257466920
1534620025
264835941
-410874395
300892463
1586776279
-877392166
-1259941910
-1647550857
1460111914
7856206
762465002
-1515547524
211405458
1591986304
1239071461
1558804340
1262663383
-77736891
1210770969
79205471
300155323
-684121724
-1285251841
-234068865
-1099953589
227371748
456938877
-876569192
1273357218
-1294230910
995690330
168261026
-1828742688
1218079
1743879134
-1138180124
-1624354715
-231815717
581749197
-1118801406
986252729
-769524408
1530245636
-709129060
-1712332695
2142219472
1756066679
391247646
-1362204998
-262383223
995960891
-1237602362
-75511023
-1466242087
551206759
904161199
-781798859
1239880775
660224570
-2125608532
-1061816904
1759115042
233359208
983063098
-80047131
1512106157
-592583862
-501952152
934785019
628730170
214747244
1007851527
-1731408248
2036503707
1199910916
635090952
1053192819
1613039051
-1392202286
-183017495
1673475139
-663033337
-1218470510
-513317893
7613038
1233049112
-1591309805
1982067067
728439881
-1854084570
-225696033
621843657
-655496741
-1756085009
-1314596306
1869725178
-549066138
620411141
1333869530
91006258
-1548078674
-829981262
-302104089
1303542622
-767002135
-163016811
-1043713553
99665282
-1839194581
1522044554
-1109979934
-1613252112
-572725134
1981519835
-746626179
231137656
-444900126
-548854712
933384552
-318485787
614309184
-731568486
1587829428
514439749
-1909115150
260847393
1101110618
1254047058
1355874514
2074176832
-536739687
