-886765970
-447589730
440704909
-1399496364
-2087113355
2023601025
660045028
-980182031
-1953875532
-1123685117
866510947
1642467896
1139483530
-952665453
-568979919
13221569
722962433
-553974798
1389632933
905315022
-83160769
-754774384
979236988
-1918837796
1657272251
1379113121
1997529490
558260437
-1105029010
974190589
1506592280
-989167134
757633608
888757633
1764022733
480858840
1325646028
4181026
-627378439
-183199882
-7072693
1867537507
-1417776850
2076864443
-1073693880
450757106
1091528590
-1765946706
-908116517
-873194799
-462784991
-1801565952
-551993552
-1216236076
-72774487
450632197
-332350422
-1662940231
-1153092110
1263448447
-975147057
-1565563855
-903044917
616255719
-853732229
416355177
986016784
-1210567466
831844910
-141380545
187475738
-1499714308
1515298404
-357248306
-1559196501
-1630001327
-2063582031
544071128
-1794671741
-2128391963
318608945
649701997
-2124014125
-1548806957
1886666576
-1387461792
-2125489574
-47770971
-1287879794
1645056209
-740259609
1381885318
-876497006
-473030379
397608846
102608542
-2031758891
-1023256110
1824706467
-1745750750
-88472030
267017530
-566239957
1634265146
2016319664
401032917
578522076
-1369222156
-1212489447
553545652
-1943558191
460097975
1135077333
319712047
-215355304
1954245366
702840767
1893390540
252132816
-1439756189
1921670753
-674162912
-1308668953
2103949875
-1468439738
225539538
-1370169824
501661195
-1326777735
-765415543
1560050284
309434552
1014522434
-1321572775
-1466492314
-780662174
-841641805
-376768402
-2100753795
1507240438
-410018071
-1921980940
-1649385136
-692734984
1499639195
592029
1245089487
1191644908
-332859555
-1922922057
243928660
-438645454
1596788497
-1240291618
-1763413281
-105038333
-794931732
1097319841
-1792366668
-1690458774
-511751367
-1036567968
1057204589
-759181632
1268897358
-2104605585
1499847938
1525190346
-478412845
953864061
-1787111056
1697881043
-1458043694
-1473072981
-925833406
-324739132
249674776
-1750641874
-1167187903
-1814634193
-1660227912
1943576483
-2028282179
-126767932
390492873
-1729360668
198786382
1513622880
-1905456864
-63776733
1961089928
-271496687
-930079336
-511903951
1732563654
-324648546
-862556961
-1147520195
-79111663
-742486955
-1122659422
118348056
-189199885
-272227571
1507853127
-934262534
-9264401
960063139
-1998150444
373235869
-2021714308
-147395480
1807269147
1224882005
147489299
-945194603
1760072124
522560052
-463280560
-1909224291
-837738862
674357956
1942253871
-990139322
-1590414299
1297763400
-18523160
-499819079
-1847563710
-1296879673
-882996180
1733041830
1014468031
717917456
-701432235
-990294951
1716248272
-362949124
609060294
-347095827
1945131618
-1989275237
-901679509
-2071893476
347418366
-389625789
1663182239
909779411
-395682600
-1605591093
-1658959361
639381321
-1848963808
-854720673
980148267
-1099187564
730231606
-687011358
-424079408
695226619
-1898106855
1939924632
1400887547
1325894324
-10516212
474117376
759984271
-1009646246
-1595184207
2133277893
-1460588361
985256243
-1704452610
-109889272
-312217987
1792254940
101799489
-135435476
-1473348374
-36968688
-1526724666
-872262043
956953528
1768523366
-1636896612
-1070406819
1886463626
-1779854719
-1482539191
-1624836588
823488000
188600652
-2145223665
553523577
-1292168978
-22033323
1482218173
894723921
2065308838
-1315728555
733518828
1302415119
-1305472459
804276696
89221682
-1934224965
-868265358
1182020488
2002506681
2051418860
-441975815
130086498
-840044530
1814859725
1438288530
735511790
868516136
-234714115
-579831714
-1915008630
1713263625
286165893
3967138
-102237256
111114451
1094992440
-450662593
1645253850
1627023750
-94412901
-1947003492
-1249030808
979432553
110912817
-2105562338
-1020050902
-1833163289
-2022299476
990371992
-727492521
343682545
2104506466
140112256
1375683256
159864037
-1663804503
76913356
541220885
1462278244
-1588608508
772464537
22824238
380505256
1941753158
-1755444581
-278253014
-1594837095
-1421413238
1930887671
-1268170399
245966211
-542220960
1073336717
-1972161055
-1661546005
-285054107
-1015394405
-1854504098
-607688614
-1937611685
2013957862
1010430287
-1246704394
-1847573887
-566885413
1946544196
986492202
1430599748
2071686874
-1202314556
-183604289
-1729976518
1171965908
-618194351
752341873
-1510711267
1458002505
-395147647
1689466048
1055509027
-423260495
2023775490
1820837679
554072048
129896132
614708862
1277045594
402329459
-1485171585
2059641172
1134068904
1350161835
250625866
987238894
1890385010
-1517634221
1336504569
1307586990
1855412554
-341801317
-464626226
390259403
-2002945328
-2048126117
2135981422
684217172
-193907894
1681084641
-547426268
1715597690
476774115
1987773015
-1893251269
1344781079
2020824154
-1713384445
276744290
464334558
-1906174987
1415764906
-728918156
-1534505541
1087706641
-505491262
1964624115
1328735836
-1527689269
-1820180387
291033926
617846541
1738730404
1180821093
344948936
-1333149559
-2129921374
1735729478
1601219414
1815565471
-689215125
-723183633
-522018296
508891195
209126576
-2046445318
1809201574
1597101339
2076965636
-1710647040
998498609
1903747579
255939253
-787594806
522218232
-945046991
1763710004
529887829
-1320149112
-2037037421
1159374525
645090772
-1714213346
10748502
-915803502
507299746
-195327790
-421802919
-1067589345
379168217
2132411421
-1880810327
-144589317
678099035
-857857796
-1640969456
-836786724
-938645098
-1011491112
1237601414
377308092
1022635606
181032416
-307581621
2092257463
-1408250721
583506661
786963437
-1616760299
1234655922
-254866993
-573043681
-536863469
-886765970
-447589730
440704909
-1399496364
-2087113355
2023601025
660045028
-980182031
-1953875532
-1123685117
866510947
1642467896
1139483530
-952665453
-568979919
13221569
722962433
-553974798
1389632933
905315022
-83160769
-754774384
979236988
-1918837796
1657272251
1379113121
1997529490
558260437
-1105029010
974190589
1506592280
-989167134
757633608
888757633
1764022733
480858840
1325646028
4181026
-627378439
-183199882
-7072693
1867537507
-1417776850
2076864443
-1073693880
450757106
1091528590
-1765946706
-908116517
-873194799
-462784991
-1801565952
-551993552
-1216236076
-72774487
450632197
-332350422
-1662940231
-1153092110
1263448447
-975147057
-1565563855
-903044917
616255719
-853732229
416355177
986016784
-1210567466
831844910
-141380545
187475738
-1499714308
1515298404
-357248306
-1559196501
-1630001327
-2063582031
544071128
-1794671741
-2128391963
318608945
649701997
-2124014125
-1548806957
1886666576
-1387461792
-2125489574
-47770971
-1287879794
1645056209
-740259609
1381885318
-876497006
-473030379
397608846
102608542
-2031758891
-1023256110
1824706467
-1745750750
-88472030
267017530
-566239957
1634265146
2016319664
401032917
578522076
-1369222156
-1212489447
553545652
-1943558191
460097975
1135077333
319712047
-215355304
1954245366
702840767
1893390540
252132816
-1439756189
1921670753
-674162912
-1308668953
2103949875
-1468439738
225539538
-1370169824
501661195
-1326777735
-765415543
1560050284
309434552
1014522434
-1321572775
-1466492314
-780662174
-841641805
-376768402
-2100753795
1507240438
-410018071
-1921980940
-1649385136
-692734984
1499639195
592029
1245089487
1191644908
-332859555
-1922922057
243928660
-438645454
1596788497
-1240291618
-1763413281
-105038333
-794931732
1097319841
-1792366668
-1690458774
-511751367
-1036567968
1057204589
-759181632
1268897358
-2104605585
1499847938
1525190346
-478412845
953864061
-1787111056
1697881043
-1458043694
-1473072981
-925833406
-324739132
249674776
-1750641874
-1167187903
-1814634193
-1660227912
1943576483
-2028282179
-126767932
390492873
-1729360668
198786382
1513622880
-1905456864
-63776733
1961089928
-271496687
-930079336
-511903951
1732563654
-324648546
-862556961
-1147520195
-79111663
-742486955
-1122659422
118348056
-189199885
-272227571
1507853127
-934262534
-9264401
960063139
-1998150444
373235869
-2021714308
-147395480
1807269147
1224882005
147489299
-945194603
1760072124
522560052
-463280560
-1909224291
-837738862
674357956
1942253871
-990139322
-1590414299
1297763400
-18523160
-499819079
-1847563710
-1296879673
-882996180
1733041830
1014468031
717917456
-701432235
-990294951
1716248272
-362949124
609060294
-347095827
1945131618
-1989275237
-901679509
-2071893476
347418366
-389625789
1663182239
909779411
-395682600
-1605591093
-1658959361
639381321
-1848963808
-854720673
980148267
-1099187564
730231606
-687011358
-424079408
695226619
-1898106855
1939924632
1400887547
1325894324
-10516212
474117376
759984271
-1009646246
-1595184207
2133277893
-1460588361
985256243
-1704452610
-109889272
-312217987
1792254940
101799489
-135435476
-1473348374
-36968688
-1526724666
-872262043
956953528
1768523366
-1636896612
-1070406819
1886463626
-1779854719
-1482539191
-1624836588
823488000
188600652
-2145223665
553523577
-1292168978
-22033323
1482218173
894723921
2065308838
-1315728555
733518828
1302415119
-1305472459
804276696
89221682
-1934224965
-868265358
1182020488
2002506681
2051418860
-441975815
130086498
-840044530
1814859725
1438288530
735511790
868516136
-234714115
-579831714
-1915008630
1713263625
286165893
3967138
-102237256
111114451
1094992440
-450662593
1645253850
1627023750
-94412901
-1947003492
-1249030808
979432553
110912817
-2105562338
-1020050902
-1833163289
-2022299476
990371992
-727492521
343682545
2104506466
140112256
1375683256
159864037
-1663804503
76913356
541220885
1462278244
-1588608508
772464537
22824238
380505256
1941753158
-1755444581
-278253014
-1594837095
-1421413238
1930887671
-1268170399
245966211
-542220960
1073336717
-1972161055
-1661546005
-285054107
-1015394405
-1854504098
-607688614
-1937611685
2013957862
1010430287
-1246704394
-1847573887
-566885413
1946544196
986492202
1430599748
2071686874
-1202314556
-183604289
-1729976518
1171965908
-618194351
752341873
-1510711267
1458002505
-395147647
1689466048
1055509027
-423260495
2023775490
1820837679
554072048
129896132
614708862
1277045594
402329459
-1485171585
2059641172
1134068904
1350161835
250625866
987238894
1890385010
-1517634221
1336504569
1307586990
1855412554
-341801317
-464626226
390259403
-2002945328
-2048126117
2135981422
684217172
-193907894
1681084641
-547426268
1715597690
476774115
1987773015
-1893251269
1344781079
2020824154
-1713384445
276744290
464334558
-1906174987
1415764906
-728918156
-1534505541
1087706641
-505491262
1964624115
1328735836
-1527689269
-1820180387
291033926
617846541
1738730404
1180821093
344948936
-1333149559
-2129921374
1735729478
1601219414
1815565471
-689215125
-723183633
-522018296
508891195
209126576
-2046445318
1809201574
1597101339
2076965636
-1710647040
998498609
1903747579
255939253
-787594806
522218232
-945046991
1763710004
529887829
-1320149112
-2037037421
1159374525
645090772
-1714213346
10748502
-915803502
507299746
-195327790
-421802919
-1067589345
379168217
2132411421
-1880810327
-144589317
678099035
-857857796
-1640969456
-836786724
-938645098
-1011491112
1237601414
377308092
1022635606
181032416
-307581621
2092257463
-1408250721
583506661
786963437
-1616760299
1234655922
-254866993
-573043681
-536863469
-886765970
-447589730
440704909
-1399496364
-2087113355
2023601025
660045028
-980182031
-1953875532
-1123685117
866510947
1642467896
1139483530
-952665453
-568979919
13221569
722962433
-553974798
1389632933
905315022
-83160769
-754774384
979236988
-1918837796
1657272251
1379113121
1997529490
558260437
-1105029010
974190589
1506592280
-989167134
757633608
888757633
1764022733
480858840
1325646028
4181026
-627378439
-183199882
-7072693
1867537507
-1417776850
2076864443
-1073693880
450757106
1091528590
-1765946706
-908116517
-873194799
-462784991
-1801565952
-551993552
-1216236076
-72774487
450632197
-332350422
-1662940231
-1153092110
1263448447
-975147057
-1565563855
-903044917
616255719
-853732229
416355177
986016784
-1210567466
831844910
-141380545
187475738
-1499714308
1515298404
-357248306
-1559196501
-1630001327
-2063582031
544071128
-1794671741
-2128391963
318608945
649701997
-2124014125
-1548806957
1886666576
-1387461792
-2125489574
-47770971
-1287879794
1645056209
-740259609
1381885318
-876497006
-473030379
397608846
102608542
-2031758891
-1023256110
1824706467
-1745750750
-88472030
267017530
-566239957
1634265146
2016319664
401032917
578522076
-1369222156
-1212489447
553545652
-1943558191
460097975
1135077333
319712047
-215355304
1954245366
702840767
1893390540
252132816
-1439756189
1921670753
-674162912
-1308668953
2103949875
-1468439738
225539538
-1370169824
501661195
-1326777735
-765415543
1560050284
309434552
1014522434
-1321572775
-1466492314
-780662174
-841641805
-376768402
-2100753795
1507240438
-410018071
-1921980940
-1649385136
-692734984
1499639195
592029
1245089487
1191644908
-332859555
-1922922057
243928660
-438645454
1596788497
-1240291618
-1763413281
-105038333
-794931732
1097319841
-1792366668
-1690458774
-511751367
-1036567968
1057204589
-759181632
1268897358
-2104605585
1499847938
1525190346
-478412845
953864061
-1787111056
1697881043
-1458043694
-1473072981
-925833406
-324739132
249674776
-1750641874
-1167187903
-1814634193
-1660227912
1943576483
-2028282179
-126767932
390492873
-1729360668
198786382
1513622880
-1905456864
-63776733
1961089928
-271496687
-930079336
-511903951
1732563654
-324648546
-862556961
-1147520195
-79111663
-742486955
-1122659422
118348056
-189199885
-272227571
1507853127
-934262534
-9264401
960063139
-1998150444
373235869
-2021714308
-147395480
1807269147
1224882005
147489299
-945194603
1760072124
522560052
-463280560
-1909224291
-837738862
674357956
1942253871
-990139322
-1590414299
1297763400
-18523160
-499819079
-1847563710
-1296879673
-882996180
1733041830
1014468031
717917456
-701432235
-990294951
1716248272
-362949124
609060294
-347095827
1945131618
-1989275237
-901679509
-2071893476
347418366
-389625789
1663182239
909779411
-395682600
-1605591093
-1658959361
639381321
-1848963808
-854720673
980148267
-1099187564
730231606
-687011358
-424079408
695226619
-1898106855
1939924632
1400887547
1325894324
-10516212
474117376
759984271
-1009646246
-1595184207
2133277893
-1460588361
985256243
-1704452610
-109889272
-312217987
1792254940
101799489
-135435476
-1473348374
-36968688
-1526724666
-872262043
956953528
1768523366
-1636896612
-1070406819
1886463626
-1779854719
-1482539191
-1624836588
823488000
188600652
-2145223665
553523577
-1292168978
-22033323
1482218173
894723921
2065308838
-1315728555
733518828
1302415119
-1305472459
804276696
89221682
-1934224965
-868265358
1182020488
2002506681
2051418860
-441975815
130086498
-840044530
1814859725
1438288530
735511790
868516136
-234714115
-579831714
-1915008630
1713263625
286165893
3967138
-102237256
111114451
1094992440
-450662593
1645253850
1627023750
-94412901
-1947003492
-1249030808
979432553
110912817
-2105562338
-1020050902
-1833163289
-2022299476
990371992
-727492521
343682545
2104506466
140112256
1375683256
159864037
-1663804503
76913356
541220885
1462278244
-1588608508
772464537
22824238
380505256
1941753158
-1755444581
-278253014
-1594837095
-1421413238
1930887671
-1268170399
245966211
-542220960
1073336717
-1972161055
-1661546005
-285054107
-1015394405
-1854504098
-607688614
-1937611685
2013957862
1010430287
-1246704394
-1847573887
-566885413
1946544196
986492202
1430599748
2071686874
-1202314556
-183604289
-1729976518
1171965908
-618194351
752341873
-1510711267
1458002505
-395147647
1689466048
1055509027
-423260495
2023775490
1820837679
554072048
129896132
614708862
1277045594
402329459
-1485171585
2059641172
1134068904
1350161835
250625866
987238894
1890385010
-1517634221
1336504569
1307586990
1855412554
-341801317
-464626226
390259403
-2002945328
-2048126117
2135981422
684217172
-193907894
1681084641
-547426268
1715597690
476774115
1987773015
-1893251269
1344781079
2020824154
-1713384445
276744290
464334558
-1906174987
1415764906
-728918156
-1534505541
1087706641
-505491262
1964624115
1328735836
-1527689269
-1820180387
291033926
617846541
1738730404
1180821093
344948936
-1333149559
-2129921374
1735729478
1601219414
1815565471
-689215125
-723183633
-522018296
508891195
209126576
-2046445318
1809201574
1597101339
2076965636
-1710647040
998498609
1903747579
255939253
-787594806
522218232
-945046991
1763710004
529887829
-1320149112
-2037037421
1159374525
645090772
-1714213346
10748502
-915803502
507299746
-195327790
-421802919
-1067589345
379168217
2132411421
-1880810327
-144589317
678099035
-857857796
-1640969456
-836786724
-938645098
-1011491112
1237601414
377308092
1022635606
181032416
-307581621
2092257463
-1408250721
583506661
786963437
-1616760299
1234655922
-254866993
-573043681
-536863469
