1316278819
769534488
1816808248
-393431036
1025521762
-728478172
1734347643
485647160
-1335307740
1402361504
1734946330
-1739639673
287275774
-1516790316
-2105690614
-1323515795
-274141871
1963457968
2124800184
1812832708
-1396924882
-1970011146
-316776231
1672754935
1396034411
-1823696333
-1341205714
-1721123186
-854928449
-2016599093
2143919633
-265982847
-247662042
1463659193
-1638003816
722348464
1326687287
-678065056
-902665929
1138637134
1070837040
-804751682
1723103412
2042334815
-842895955
-628023456
1110685244
1532500740
-570212958
-6048549
1086927405
-1996273338
1832620193
1419438347
-76052159
341207495
1255813686
2085142320
-1865898045
-1240506495
1575273447
-308714273
1770332928
-2102926496
-73065492
-2027646828
-390187021
-947975694
1762808362
541963171
350061184
1440028397
-860405099
-787023554
1617789235
103805813
929938792
-1711928218
-1403866689
1727681325
1076679809
19069778
-401333392
-920408730
1570271988
1029301468
994607930
-909531301
1784621067
-1671836095
405589274
-1307461128
-1282506408
161745135
-254097761
1737324332
1674158183
1692679903
1867500201
2000742771
290732210
515370050
1818588702
993736884
241066916
-1714272925
933854013
1365032776
-1089677302
1290663383
-2079173064
553332981
1765270201
234496307
-117823334
-1643813616
174672142
-851429133
746469313
-551082499
-1588693471
-2039580855
1840882485
1509699839
2097592336
1499180976
-2138965528
1708271388
688032076
-1059448481
903442696
175292828
-2011365611
-762555442
-332739531
1011396028
1835061704
6914985
-1660957191
-1834061613
341699159
-43264408
1566443438
1031888071
580537842
138942794
420487934
-478311112
1173164549
640054355
-982013605
1578139856
-1216703580
1125289281
-2129532023
381421772
-787824946
-1240759808
1077641550
-1518729094
-862816732
-509210184
1823076987
-259198697
2083284270
738442539
-761289097
-1833163591
386984262
-1729692727
-1091524040
-1425107385
2090970308
2122069859
-144409636
-2058529145
-640954219
2136284511
1752473050
369628631
-543776464
-119822049
-71224536
721795577
-1965562147
-231902373
-2032584553
-112765829
1155958370
-862842546
-1618306305
784337054
1366874423
1429150285
-412984686
-1233970244
1573745638
-303647186
87486294
1418507576
-1626154803
-1507384616
2133309344
-151349670
934321712
1729217715
1811817748
1111102005
-860738650
156209371
1166488678
2131977586
918823106
-1175344981
-1809976907
700264925
1596339616
1306882774
-324315619
-1096675165
-542382014
-401837680
-766019991
2124185225
1068388747
111759776
-1109783275
2042893406
927954878
1166931962
1488077114
-952109200
52218381
-274861219
1207551909
1596038672
-1931769433
-335700655
363593455
533961526
-605812242
-1711201561
1851135649
311039409
-1546551153
-1401894302
-928813177
1619228889
1997289965
1441509741
546615351
-794023881
-1833347452
1136203390
420865247
1489856133
-470375645
694411174
-128488902
629323359
-2009398052
-1544516942
-79996788
-368126737
1371777034
-1562151935
-22315849
1814792660
-366217926
1813911305
734863682
-619256005
152475805
-1010042967
-1171807688
-312677639
1160580931
-2105629186
1045695663
-50390433
349350840
-1773455281
-1654597025
700750621
-1887845262
-1840308859
-1181241463
-92217608
-1978042843
-338367551
-2120563204
1397341752
-573828875
-1561447919
1496937346
1881957829
-169289122
-862221230
-2081767313
-1111724092
-1769686043
1783954857
1270542229
689586439
522274179
1513034185
1019005819
-148414808
1484046235
1601472001
1946287414
1982248203
401409098
614345291
-1870623230
-646969296
151814561
-93460310
1731947566
-465496805
-227405386
-479334171
1349258295
1996756464
278621217
18362084
1342048112
1350349752
2131090699
1316699856
-2074604335
1642720382
2105802027
1855785171
-2025418742
-264824915
1500604808
-610027049
894594013
323738035
1798171030
-1322995112
567841271
-1721513918
1781958275
-1177840377
-288563412
664754378
2008368826
-982815499
-1349063483
-224844060
-142708414
-1855219034
20646005
485988679
628982043
241813622
806124659
-2132155996
-1996028385
921698503
1748268237
795741718
673542300
1626663636
-810829511
-375958903
1567071189
984739339
1279738555
975440235
-1347838784
-339000116
2129950841
-739814589
157964277
-6812266
-1679970799
705250287
502353446
1175856531
-1197974115
-164908484
68016938
-52818999
2067338409
1194701869
-572561848
-1981417389
356802466
1237553249
1025342746
-1942179596
-15314085
-1299787809
1743248512
-328652705
884874505
1216748044
-1558752567
724588967
-685527811
-75254584
-566760733
-2066188577
-90582052
-1079054038
77458881
-1560365723
-1363129946
460682347
763636508
1293439357
212561826
1783111354
-187390137
262531330
1104856701
-2020118682
1161840358
-329342509
188323049
1383036589
-1647672619
1817404819
-1355893540
-2031803272
1980296890
369376523
-898385378
1673968673
-2014372964
-1641384670
-1106656328
-1962412867
674752468
-343976654
-1757471426
348363309
1139686152
13077580
734608352
-1786298680
-158534683
-607141824
-762554156
317890955
1083914758
-1722993410
-1875990167
1958719924
1695489978
1974909619
988994654
-714705399
1942692040
-1332408800
-411060122
1575246050
1273184687
43685801
-498684470
-1937183937
1400724963
1770711370
-1193208451
1771248843
974905366
224903827
-1410624723
-818467962
1880230459
366969703
-1196603656
499973993
480379432
750253256
464603287
-1866940622
538091897
-1409277995
1979849957
-872444957
1153526423
-762549706
-887739951
-725392500
-1660375562
-1394513626
-1366811039
-933031234
-1386197299
-810494033
1629256764
-1184410323
261397026
-353802874
-475838921
-2090922150
-536805399
1316278819
769534488
1816808248
-393431036
1025521762
-728478172
1734347643
485647160
-1335307740
1402361504
1734946330
-1739639673
287275774
-1516790316
-2105690614
-1323515795
-274141871
1963457968
2124800184
1812832708
-1396924882
-1970011146
-316776231
1672754935
1396034411
-1823696333
-1341205714
-1721123186
-854928449
-2016599093
2143919633
-265982847
-247662042
1463659193
-1638003816
722348464
1326687287
-678065056
-902665929
1138637134
1070837040
-804751682
1723103412
2042334815
-842895955
-628023456
1110685244
1532500740
-570212958
-6048549
1086927405
-1996273338
1832620193
1419438347
-76052159
341207495
1255813686
2085142320
-1865898045
-1240506495
1575273447
-308714273
1770332928
-2102926496
-73065492
-2027646828
-390187021
-947975694
1762808362
541963171
350061184
1440028397
-860405099
-787023554
1617789235
103805813
929938792
-1711928218
-1403866689
1727681325
1076679809
19069778
-401333392
-920408730
1570271988
1029301468
994607930
-909531301
1784621067
-1671836095
405589274
-1307461128
-1282506408
161745135
-254097761
1737324332
1674158183
1692679903
1867500201
2000742771
290732210
515370050
1818588702
993736884
241066916
-1714272925
933854013
1365032776
-1089677302
1290663383
-2079173064
553332981
1765270201
234496307
-117823334
-1643813616
174672142
-851429133
746469313
-551082499
-1588693471
-2039580855
1840882485
1509699839
2097592336
1499180976
-2138965528
1708271388
688032076
-1059448481
903442696
175292828
-2011365611
-762555442
-332739531
1011396028
1835061704
6914985
-1660957191
-1834061613
341699159
-43264408
1566443438
1031888071
580537842
138942794
420487934
-478311112
1173164549
640054355
-982013605
1578139856
-1216703580
1125289281
-2129532023
381421772
-787824946
-1240759808
1077641550
-1518729094
-862816732
-509210184
1823076987
-259198697
2083284270
738442539
-761289097
-1833163591
386984262
-1729692727
-1091524040
-1425107385
2090970308
2122069859
-144409636
-2058529145
-640954219
2136284511
1752473050
369628631
-543776464
-119822049
-71224536
721795577
-1965562147
-231902373
-2032584553
-112765829
1155958370
-862842546
-1618306305
784337054
1366874423
1429150285
-412984686
-1233970244
1573745638
-303647186
87486294
1418507576
-1626154803
-1507384616
2133309344
-151349670
934321712
1729217715
1811817748
1111102005
-860738650
156209371
1166488678
2131977586
918823106
-1175344981
-1809976907
700264925
1596339616
1306882774
-324315619
-1096675165
-542382014
-401837680
-766019991
2124185225
1068388747
111759776
-1109783275
2042893406
927954878
1166931962
1488077114
-952109200
52218381
-274861219
1207551909
1596038672
-1931769433
-335700655
363593455
533961526
-605812242
-1711201561
1851135649
311039409
-1546551153
-1401894302
-928813177
1619228889
1997289965
1441509741
546615351
-794023881
-1833347452
1136203390
420865247
1489856133
-470375645
694411174
-128488902
629323359
-2009398052
-1544516942
-79996788
-368126737
1371777034
-1562151935
-22315849
1814792660
-366217926
1813911305
734863682
-619256005
152475805
-1010042967
-1171807688
-312677639
1160580931
-2105629186
1045695663
-50390433
349350840
-1773455281
-1654597025
700750621
-1887845262
-1840308859
-1181241463
-92217608
-1978042843
-338367551
-2120563204
1397341752
-573828875
-1561447919
1496937346
1881957829
-169289122
-862221230
-2081767313
-1111724092
-1769686043
1783954857
1270542229
689586439
522274179
1513034185
1019005819
-148414808
1484046235
1601472001
1946287414
1982248203
401409098
614345291
-1870623230
-646969296
151814561
-93460310
1731947566
-465496805
-227405386
-479334171
1349258295
1996756464
278621217
18362084
1342048112
1350349752
2131090699
1316699856
-2074604335
1642720382
2105802027
1855785171
-2025418742
-264824915
1500604808
-610027049
894594013
323738035
1798171030
-1322995112
567841271
-1721513918
1781958275
-1177840377
-288563412
664754378
2008368826
-982815499
-1349063483
-224844060
-142708414
-1855219034
20646005
485988679
628982043
241813622
806124659
-2132155996
-1996028385
921698503
1748268237
795741718
673542300
1626663636
-810829511
-375958903
1567071189
984739339
1279738555
975440235
-1347838784
-339000116
2129950841
-739814589
157964277
-6812266
-1679970799
705250287
502353446
1175856531
-1197974115
-164908484
68016938
-52818999
2067338409
1194701869
-572561848
-1981417389
356802466
1237553249
1025342746
-1942179596
-15314085
-1299787809
1743248512
-328652705
884874505
1216748044
-1558752567
724588967
-685527811
-75254584
-566760733
-2066188577
-90582052
-1079054038
77458881
-1560365723
-1363129946
460682347
763636508
1293439357
212561826
1783111354
-187390137
262531330
1104856701
-2020118682
1161840358
-329342509
188323049
1383036589
-1647672619
1817404819
-1355893540
-2031803272
1980296890
369376523
-898385378
1673968673
-2014372964
-1641384670
-1106656328
-1962412867
674752468
-343976654
-1757471426
348363309
1139686152
13077580
734608352
-1786298680
-158534683
-607141824
-762554156
317890955
1083914758
-1722993410
-1875990167
1958719924
1695489978
1974909619
988994654
-714705399
1942692040
-1332408800
-411060122
1575246050
1273184687
43685801
-498684470
-1937183937
1400724963
1770711370
-1193208451
1771248843
974905366
224903827
-1410624723
-818467962
1880230459
366969703
-1196603656
499973993
480379432
750253256
464603287
-1866940622
538091897
-1409277995
1979849957
-872444957
1153526423
-762549706
-887739951
-725392500
-1660375562
-1394513626
-1366811039
-933031234
-1386197299
-810494033
1629256764
-1184410323
261397026
-353802874
-475838921
-2090922150
-536805399
