-1802145422
-1349134964
-1735370024
1494997064
1017264951
10135589
-1388989052
-841980543
2098678861
-443728538
-346701176
913541653
-2057361648
-698842256
1391258506
19798389
220486788
1724267388
759031773
2030272301
421959077
150593009
1521056848
1762116805
974372079
548740755
1226909924
-2043387472
673830388
463394483
-851512370
-527390713
832811734
639957801
92594995
-2044079041
-1245258868
-1931248024
1782959337
-144311958
1084792925
1823958141
-1356243918
229209188
1482229900
2062185270
1185048991
1099606722
-457636920
72207971
-1747494942
1720188077
1771985254
-1442937243
-237388880
-2022731895
1692518600
-1224534493
1178629411
339380101
-1675128029
918656308
1001391723
-638001119
1118070170
1170952455
-1404188519
-1422091138
-1218573732
-49284048
-862399498
1718800074
1104767603
-1491511244
196263477
-2034782537
-13410499
-243268166
-468600306
1049313557
-534655657
1552768583
645601896
-1080377623
803768869
1291083712
383888520
448753215
-605916602
-1126586786
-225087355
960741071
-317290708
-1750683076
1516898631
-861999903
-669263764
-2014027062
573627312
501659236
-645009600
532815060
-265468120
2009509845
-734804057
-243373197
-1639894720
14213443
-1613335030
1896199759
1226381201
-11782943
-953689371
-373472953
-1945278966
1619224332
1145659423
1849862689
1559217084
-302771988
1395534309
649613881
-1184441664
-867788948
1005173676
1029350899
-274334431
2035827096
-763690869
-1009997956
218434810
333903930
-431377980
2012757265
218618296
-693143124
-288898469
2139653090
574799393
377673474
-2040028313
2012560585
-1611407133
408311088
1684621617
1616963930
399237424
196599544
1207591157
-1787478699
1811598209
-406744648
1988752067
576669904
-2028286754
-823311876
305017452
-1340550041
2093162522
-1656847595
1918777899
-1788714298
-1790485361
-1772925892
1906204284
1419489395
1515252834
-885985614
-1773988899
-1507351330
-949588231
-621581478
-1081912082
67490411
-475825296
-1536163326
288591643
1699595069
1095013453
-2035058303
-1540145151
-684805061
493684027
1047972222
-686253264
-406975548
295240765
1272190130
413133942
713309227
808108921
948573653
-236176222
878720623
-988232424
598439678
2095604709
1327578574
-848616579
1030352080
1708432265
-1931709500
1942441912
-1942020725
-926880859
1416545207
1563791006
-905048671
-848259356
-422863275
821627520
113748875
-395379952
1934548482
1659174246
-305889818
-993081542
-712410909
94818039
-1029190476
-1133821642
-1448386032
507532792
-1579648121
-1326657540
-369321058
384531778
2026134493
-1966216895
1900633474
-782896457
502626274
-775161385
-1661760958
912866520
655761603
-1712724612
219543636
-698014286
-20821733
-947151953
-1438866817
1030742112
-398369107
-2010630417
-1207908918
1956251109
698124117
1582570764
-2012741240
964095292
1424927038
-1635251337
-1129032152
980722312
209906964
228065157
-293376896
1854584489
4934031
1973501346
740913604
150227501
1134151621
-2061713285
-67013834
1640081073
-1064746875
-361444273
-2027995868
-1239366406
-1033175393
-2034883780
-615317907
-490886615
-650924706
403930513
-777028687
-1897418456
-1333986826
-1743205090
-1192784287
-1441964689
1055417296
-1978917477
-1244165008
-1044487032
707757085
-218681984
1677090894
228532281
336437456
-1706460991
2049429671
586113261
-1400306087
819353504
38925884
166410285
446219782
-977922845
552124866
-2046347016
10881631
-2002005645
1867543455
-587207752
-1321830576
-312563445
638004920
-1297356954
218528157
-400729179
-1925488085
1001059598
1535494891
132898109
-642349342
-1740061554
465907205
1332037048
-1259958879
-1786551034
-644953986
1053377168
-1817102311
555652133
-1116806636
1245595056
2110797442
1316256485
130163360
-2035368121
1223256553
1520133174
-460368461
-974410086
914528883
1841411029
454633267
-532372157
563261634
-264400319
-585515308
1556476486
1417127080
-922896416
-2110589544
-1878087001
453340516
-1836238041
-963301492
-1010509737
1204658734
-574837951
-756374239
1839416349
-1058817177
-531493134
7378986
597669781
917757046
1494453933
-1667974340
622788002
-730584336
-743905959
2041528161
-549675904
-740194256
-528450910
-1246759933
710244646
365028128
942573795
-428881177
1855979476
1088271823
-235010571
-1020602088
71422010
-677126700
1830502798
-787245183
1886028128
202908198
-95243065
337154424
906506429
6084968
1344873035
1614693731
-1505407457
-1900379295
-942833985
-1524781257
676755540
515068435
-1982394648
-2065224374
-1218335792
1870695131
2142447026
877371497
1051949115
-542333852
2009684559
324158021
-1134634497
418794319
1723993309
73210936
-363806069
807236458
-1436519834
-698088443
1165114658
947287151
-1822163883
-1162019689
1273899434
-1589557194
1797997375
-820948823
2031411821
293850727
172446965
1594969105
227891087
1967385424
1058019351
1369711468
1870913053
417495986
2043768052
-1218995617
786287827
-87396861
-1954306964
-2019097183
-927529464
-234475028
842556183
-1948235454
1850740650
1980536437
1405615403
-816178669
-1260181693
1519011849
376528172
1777259203
1963486923
1374105866
-681174630
-631831844
-2094016646
672729387
-44020284
1014216936
1832646564
294823974
1774147299
-117583368
-1891955104
1877882207
-1388995650
-597867849
690788720
1498218484
2008286045
1530512861
1836576561
786226408
-1969929811
272408426
-79986530
1958313923
678605117
-1057790521
1743602388
-186238137
1404865773
-1079885872
457717320
-1584346450
-907101285
337483894
-1405922891
1043576228
396257793
-2103833923
882820335
-884070885
1894874499
688655633
-1389610652
1543638011
-2028792473
-1008137622
-537012629
-1802145422
-1349134964
-1735370024
1494997064
1017264951
10135589
-1388989052
-841980543
2098678861
-443728538
-346701176
913541653
-2057361648
-698842256
1391258506
19798389
220486788
1724267388
759031773
2030272301
421959077
150593009
1521056848
1762116805
974372079
548740755
1226909924
-2043387472
673830388
463394483
-851512370
-527390713
832811734
639957801
92594995
-2044079041
-1245258868
-1931248024
1782959337
-144311958
1084792925
1823958141
-1356243918
229209188
1482229900
2062185270
1185048991
1099606722
-457636920
72207971
-1747494942
1720188077
1771985254
-1442937243
-237388880
-2022731895
1692518600
-1224534493
1178629411
339380101
-1675128029
918656308
1001391723
-638001119
1118070170
1170952455
-1404188519
-1422091138
-1218573732
-49284048
-862399498
1718800074
1104767603
-1491511244
196263477
-2034782537
-13410499
-243268166
-468600306
1049313557
-534655657
1552768583
645601896
-1080377623
803768869
1291083712
383888520
448753215
-605916602
-1126586786
-225087355
960741071
-317290708
-1750683076
1516898631
-861999903
-669263764
-2014027062
573627312
501659236
-645009600
532815060
-265468120
2009509845
-734804057
-243373197
-1639894720
14213443
-1613335030
1896199759
1226381201
-11782943
-953689371
-373472953
-1945278966
1619224332
1145659423
1849862689
1559217084
-302771988
1395534309
649613881
-1184441664
-867788948
1005173676
1029350899
-274334431
2035827096
-763690869
-1009997956
218434810
333903930
-431377980
2012757265
218618296
-693143124
-288898469
2139653090
574799393
377673474
-2040028313
2012560585
-1611407133
408311088
1684621617
1616963930
399237424
196599544
1207591157
-1787478699
1811598209
-406744648
1988752067
576669904
-2028286754
-823311876
305017452
-1340550041
2093162522
-1656847595
1918777899
-1788714298
-1790485361
-1772925892
1906204284
1419489395
1515252834
-885985614
-1773988899
-1507351330
-949588231
-621581478
-1081912082
67490411
-475825296
-1536163326
288591643
1699595069
1095013453
-2035058303
-1540145151
-684805061
493684027
1047972222
-686253264
-406975548
295240765
1272190130
413133942
713309227
808108921
948573653
-236176222
878720623
-988232424
598439678
2095604709
1327578574
-848616579
1030352080
1708432265
-1931709500
1942441912
-1942020725
-926880859
1416545207
1563791006
-905048671
-848259356
-422863275
821627520
113748875
-395379952
1934548482
1659174246
-305889818
-993081542
-712410909
94818039
-1029190476
-1133821642
-1448386032
507532792
-1579648121
-1326657540
-369321058
384531778
2026134493
-1966216895
1900633474
-782896457
502626274
-775161385
-1661760958
912866520
655761603
-1712724612
219543636
-698014286
-20821733
-947151953
-1438866817
1030742112
-398369107
-2010630417
-1207908918
1956251109
698124117
1582570764
-2012741240
964095292
1424927038
-1635251337
-1129032152
980722312
209906964
228065157
-293376896
1854584489
4934031
1973501346
740913604
150227501
1134151621
-2061713285
-67013834
1640081073
-1064746875
-361444273
-2027995868
-1239366406
-1033175393
-2034883780
-615317907
-490886615
-650924706
403930513
-777028687
-1897418456
-1333986826
-1743205090
-1192784287
-1441964689
1055417296
-1978917477
-1244165008
-1044487032
707757085
-218681984
1677090894
228532281
336437456
-1706460991
2049429671
586113261
-1400306087
819353504
38925884
166410285
446219782
-977922845
552124866
-2046347016
10881631
-2002005645
1867543455
-587207752
-1321830576
-312563445
638004920
-1297356954
218528157
-400729179
-1925488085
1001059598
1535494891
132898109
-642349342
-1740061554
465907205
1332037048
-1259958879
-1786551034
-644953986
1053377168
-1817102311
555652133
-1116806636
1245595056
2110797442
1316256485
130163360
-2035368121
1223256553
1520133174
-460368461
-974410086
914528883
1841411029
454633267
-532372157
563261634
-264400319
-585515308
1556476486
1417127080
-922896416
-2110589544
-1878087001
453340516
-1836238041
-963301492
-1010509737
1204658734
-574837951
-756374239
1839416349
-1058817177
-531493134
7378986
597669781
917757046
1494453933
-1667974340
622788002
-730584336
-743905959
2041528161
-549675904
-740194256
-528450910
-1246759933
710244646
365028128
942573795
-428881177
1855979476
1088271823
-235010571
-1020602088
71422010
-677126700
1830502798
-787245183
1886028128
202908198
-95243065
337154424
906506429
6084968
1344873035
1614693731
-1505407457
-1900379295
-942833985
-1524781257
676755540
515068435
-1982394648
-2065224374
-1218335792
1870695131
2142447026
877371497
1051949115
-542333852
2009684559
324158021
-1134634497
418794319
1723993309
73210936
-363806069
807236458
-1436519834
-698088443
1165114658
947287151
-1822163883
-1162019689
1273899434
-1589557194
1797997375
-820948823
2031411821
293850727
172446965
1594969105
227891087
1967385424
1058019351
1369711468
1870913053
417495986
2043768052
-1218995617
786287827
-87396861
-1954306964
-2019097183
-927529464
-234475028
842556183
-1948235454
1850740650
1980536437
1405615403
-816178669
-1260181693
1519011849
376528172
1777259203
1963486923
1374105866
-681174630
-631831844
-2094016646
672729387
-44020284
1014216936
1832646564
294823974
1774147299
-117583368
-1891955104
1877882207
-1388995650
-597867849
690788720
1498218484
2008286045
1530512861
1836576561
786226408
-1969929811
272408426
-79986530
1958313923
678605117
-1057790521
1743602388
-186238137
1404865773
-1079885872
457717320
-1584346450
-907101285
337483894
-1405922891
1043576228
396257793
-2103833923
882820335
-884070885
1894874499
688655633
-1389610652
1543638011
-2028792473
-1008137622
-537012629
