-1547395334
1386543449
1804896419
125545319
2077908584
1068742307
1186308834
1017202730
-876165391
-1426519190
572721998
499221751
-1472933578
-1436332098
-79629885
1410899262
-835545160
137319357
-902708443
-1433028474
959793681
196452377
1161060200
2097378396
1432699776
-762256541
-295762480
-369070550
960555973
1010907045
-679868041
-170278027
476984537
-1352730866
-1725619563
1652442415
1498224939
24918390
-1504737162
508460463
120009076
-410687994
622391255
-1209113350
-881109189
-1225361574
747914430
509319344
-1368158026
-659889418
1718575978
-1510299281
1628347703
-912167840
-1773507931
-172349799
-181040838
-281384149
273280681
-496647564
-1701185053
2002851042
-1203602056
-2121137751
-1826294254
-1311762765
1259309341
1627862137
-1508389884
-797352312
1657332927
2116509935
1777149914
603424587
1889349562
-1198872590
-1054400358
-815038536
-29654166
-1391197239
1542777710
2071446685
-593581457
701148326
766516418
-872402298
-830775110
-323668854
-1228519197
-1292190598
1448175865
1946813497
1540295470
-230764902
368719541
1806840493
-1350034039
-311319538
1779841281
-1431930800
-2025074881
-876065983
1270852682
-1630575781
1354030830
-321115572
-1166456456
-1095343052
2029394488
-2100515568
1048120347
21288584
1388720469
506835832
1259030093
71979903
1344309772
-1325561172
-1058928027
1693695769
1366470460
571205490
267247525
1545863713
2090394310
-1548177780
922297282
-259099452
-1207123956
163652956
1452123306
2045236098
-991598320
1124843365
1361997653
271478468
1156476423
-1898903672
754323250
525227230
1076695498
1514487578
1765393879
944372733
-265965285
2042919972
1857557194
986559732
-1260555229
1305913083
1803148465
-1772836284
-588914159
430276423
786380048
1177787972
-1907819769
-1762470499
-1810257665
-2062093753
-2040936251
378657398
2129401714
1980925753
902092217
-1460377974
1524965152
-1032052102
393262501
-1417025670
929615923
1564874137
-1936945490
859573581
2116676084
1566903230
-1066877927
-1016341313
-793283468
1099115154
-716381428
1625887086
-1430567073
344687351
313705579
-1321895017
1222825371
-40157891
1959327069
644043722
115933233
935700914
-30682432
929362204
198924437
1393283677
1123501226
-221174909
-127883719
-587780508
818337778
1431784839
817505756
-1432027311
458551191
1277556948
1205742091
248828147
1028120659
1769027936
-1590160072
2021599889
930451672
-1495498659
1450858770
1371691782
887021421
-1828449965
546800942
1846606360
-944642114
1526333111
1686271176
204503061
1518400573
606341130
1063093277
-770809815
255405406
1142058691
-991207321
1433278259
809948191
-2084649359
-2121921584
-1094203383
1040425299
40361019
-2008186609
-995379817
-995763571
1532412766
-1811177510
-723641393
40836274
1186660059
-357958644
2114387722
-2129075822
-326198354
-1541949027
-382277319
-1579439871
922589872
1118367015
595825289
-2084269968
-1811266169
1405032476
-951400386
-1360689257
-671238810
1889408848
-1806761417
1650304109
-681588059
1197053946
1588069582
1425644299
352161789
-1743297642
-1376111157
-1219422398
467979268
438497650
851633789
-1486794616
313159247
1226460179
437435825
579164542
2082274189
1123732378
-441763986
1424483707
986492695
1104460450
1015078067
258630199
-605375019
-1574774805
-880920031
1834651407
1041832851
-151862142
3676807
-1306620412
-902740701
-1479652364
-69027301
445239115
1667594483
-1700420065
1674543432
1266070179
-247009457
-262184799
-605901879
-1758178243
1999064311
471363977
-1418284854
1127794526
1770866459
1091768556
891446001
-1423284086
-1913720770
115188024
627398754
-473408824
721501414
193285543
-1778554708
1892235194
-1159580100
164269068
557642946
-1964748988
-1878980971
804526363
1474246285
1028334163
-713635562
-1186250855
-478361106
-1189454931
-220862264
1228840657
852096983
86916220
-585880371
-1145057928
253743812
-1665353577
-1571559702
272863786
578582805
-382290251
-1679676392
-293986813
-1851566963
-456415429
-1729685203
805976601
1614507504
-1982236450
-2032993495
-813186610
-80707251
2103288934
-861202514
554897063
1127074461
1290961712
1221077576
1917428747
1497045355
303470494
-124366435
1039220422
-1937671956
-2096388494
-898938612
1211411966
-1298163620
-2060833094
-1404287288
1035065851
-1102608947
403361766
1212739583
1580760857
231260948
1470795100
-1783689162
-1806768520
978336760
-1255181990
1248413346
1322554988
-1936673158
613291907
-1226032374
1278183158
1803414991
-1256317836
1955985021
-648286794
-1507767340
697868342
-31501357
944436095
802047754
-126770945
1445632730
-1790613936
2033524171
-35177660
1111413019
-800169241
347332810
2086417751
-1065596975
-1890801883
1800115150
1349945339
-1286664619
-1722827636
1442498370
825784759
-2079463883
1223326388
-753117899
136918067
181744127
1864454027
-376439551
-1739577188
1394246675
1714832087
-1899022802
546658370
546238123
-228689513
-963108377
1310697084
-661171034
1860548501
2038470695
1202130743
-1314830388
519979890
8891119
1120967229
-1549951731
1801016757
41170870
-922680947
-316759973
-1046292626
-1098372379
-1314523223
-2046918059
-1563555964
-1888798816
1629949404
1679429807
-659837177
-2033722332
30995866
107020562
871732226
549266355
1197893272
-375651631
-839746175
2085933181
-1636828772
53903159
-1369254777
1738252995
-880151385
1823280679
-1432851368
-490598611
227688988
1631372580
-1268629785
-1349403484
-719335817
-80019163
-1608580634
1324532562
-163864665
1447736122
1497780593
-597873907
1284543569
-1644109161
1630409907
-1442896970
667435937
590246648
2000276610
935959947
-829812446
1165149459
981047755
-1825077151
-536813487
-1547395334
1386543449
1804896419
125545319
2077908584
1068742307
1186308834
1017202730
-876165391
-1426519190
572721998
499221751
-1472933578
-1436332098
-79629885
1410899262
-835545160
137319357
-902708443
-1433028474
959793681
196452377
1161060200
2097378396
1432699776
-762256541
-295762480
-369070550
960555973
1010907045
-679868041
-170278027
476984537
-1352730866
-1725619563
1652442415
1498224939
24918390
-1504737162
508460463
120009076
-410687994
622391255
-1209113350
-881109189
-1225361574
747914430
509319344
-1368158026
-659889418
1718575978
-1510299281
1628347703
-912167840
-1773507931
-172349799
-181040838
-281384149
273280681
-496647564
-1701185053
2002851042
-1203602056
-2121137751
-1826294254
-1311762765
1259309341
1627862137
-1508389884
-797352312
1657332927
2116509935
1777149914
603424587
1889349562
-1198872590
-1054400358
-815038536
-29654166
-1391197239
1542777710
2071446685
-593581457
701148326
766516418
-872402298
-830775110
-323668854
-1228519197
-1292190598
1448175865
1946813497
1540295470
-230764902
368719541
1806840493
-1350034039
-311319538
1779841281
-1431930800
-2025074881
-876065983
1270852682
-1630575781
1354030830
-321115572
-1166456456
-1095343052
2029394488
-2100515568
1048120347
21288584
1388720469
506835832
1259030093
71979903
1344309772
-1325561172
-1058928027
1693695769
1366470460
571205490
267247525
1545863713
2090394310
-1548177780
922297282
-259099452
-1207123956
163652956
1452123306
2045236098
-991598320
1124843365
1361997653
271478468
1156476423
-1898903672
754323250
525227230
1076695498
1514487578
1765393879
944372733
-265965285
2042919972
1857557194
986559732
-1260555229
1305913083
1803148465
-1772836284
-588914159
430276423
786380048
1177787972
-1907819769
-1762470499
-1810257665
-2062093753
-2040936251
378657398
2129401714
1980925753
902092217
-1460377974
1524965152
-1032052102
393262501
-1417025670
929615923
1564874137
-1936945490
859573581
2116676084
1566903230
-1066877927
-1016341313
-793283468
1099115154
-716381428
1625887086
-1430567073
344687351
313705579
-1321895017
1222825371
-40157891
1959327069
644043722
115933233
935700914
-30682432
929362204
198924437
1393283677
1123501226
-221174909
-127883719
-587780508
818337778
1431784839
817505756
-1432027311
458551191
1277556948
1205742091
248828147
1028120659
1769027936
-1590160072
2021599889
930451672
-1495498659
1450858770
1371691782
887021421
-1828449965
546800942
1846606360
-944642114
1526333111
1686271176
204503061
1518400573
606341130
1063093277
-770809815
255405406
1142058691
-991207321
1433278259
809948191
-2084649359
-2121921584
-1094203383
1040425299
40361019
-2008186609
-995379817
-995763571
1532412766
-1811177510
-723641393
40836274
1186660059
-357958644
2114387722
-2129075822
-326198354
-1541949027
-382277319
-1579439871
922589872
1118367015
595825289
-2084269968
-1811266169
1405032476
-951400386
-1360689257
-671238810
1889408848
-1806761417
1650304109
-681588059
1197053946
1588069582
1425644299
352161789
-1743297642
-1376111157
-1219422398
467979268
438497650
851633789
-1486794616
313159247
1226460179
437435825
579164542
2082274189
1123732378
-441763986
1424483707
986492695
1104460450
1015078067
258630199
-605375019
-1574774805
-880920031
1834651407
1041832851
-151862142
3676807
-1306620412
-902740701
-1479652364
-69027301
445239115
1667594483
-1700420065
1674543432
1266070179
-247009457
-262184799
-605901879
-1758178243
1999064311
471363977
-1418284854
1127794526
1770866459
1091768556
891446001
-1423284086
-1913720770
115188024
627398754
-473408824
721501414
193285543
-1778554708
1892235194
-1159580100
164269068
557642946
-1964748988
-1878980971
804526363
1474246285
1028334163
-713635562
-1186250855
-478361106
-1189454931
-220862264
1228840657
852096983
86916220
-585880371
-1145057928
253743812
-1665353577
-1571559702
272863786
578582805
-382290251
-1679676392
-293986813
-1851566963
-456415429
-1729685203
805976601
1614507504
-1982236450
-2032993495
-813186610
-80707251
2103288934
-861202514
554897063
1127074461
1290961712
1221077576
1917428747
1497045355
303470494
-124366435
1039220422
-1937671956
-2096388494
-898938612
1211411966
-1298163620
-2060833094
-1404287288
1035065851
-1102608947
403361766
1212739583
1580760857
231260948
1470795100
-1783689162
-1806768520
978336760
-1255181990
1248413346
1322554988
-1936673158
613291907
-1226032374
1278183158
1803414991
-1256317836
1955985021
-648286794
-1507767340
697868342
-31501357
944436095
802047754
-126770945
1445632730
-1790613936
2033524171
-35177660
1111413019
-800169241
347332810
2086417751
-1065596975
-1890801883
1800115150
1349945339
-1286664619
-1722827636
1442498370
825784759
-2079463883
1223326388
-753117899
136918067
181744127
1864454027
-376439551
-1739577188
1394246675
1714832087
-1899022802
546658370
546238123
-228689513
-963108377
1310697084
-661171034
1860548501
2038470695
1202130743
-1314830388
519979890
8891119
1120967229
-1549951731
1801016757
41170870
-922680947
-316759973
-1046292626
-1098372379
-1314523223
-2046918059
-1563555964
-1888798816
1629949404
1679429807
-659837177
-2033722332
30995866
107020562
871732226
549266355
1197893272
-375651631
-839746175
2085933181
-1636828772
53903159
-1369254777
1738252995
-880151385
1823280679
-1432851368
-490598611
227688988
1631372580
-1268629785
-1349403484
-719335817
-80019163
-1608580634
1324532562
-163864665
1447736122
1497780593
-597873907
1284543569
-1644109161
1630409907
-1442896970
667435937
590246648
2000276610
935959947
-829812446
1165149459
981047755
-1825077151
-536813487
