1799677480
2142353653
2042437103
241050689
1838374027
-1322542586
-482126496
-165120194
-1812530479
243399974
-942284640
-179967925
1013312371
803289527
-199231565
744607744
160301768
843472196
-1252600247
-1324127463
-1441201942
1169862789
-2006048004
-1636536858
210481464
-828265468
-145806103
-985466871
1639321667
451979157
2132894151
238056634
-1108572657
-1126077760
-765323200
-1459375064
586743855
-1529205890
-578350452
76010480
119217765
-1052084144
-2102774820
-1462451537
-387574137
1240690149
-1363461587
-234238180
-517991089
-1850818218
140181162
-1324069204
1761866044
-371678360
-240526541
150772649
-1811275048
-579287345
-1712729184
1527860702
1560272743
-195626670
1962918559
2041493580
893970314
351811864
1777467442
-1692678836
298256141
-1112676384
2077700087
-1846406256
719687916
39982249
331564158
-197319503
1319360671
-1750819866
1400848392
863727499
1585296709
-2046307042
1168568192
1427544427
1714329775
-343602691
775022728
1710290591
1754111776
-933007679
1843311996
442850347
966036260
646628853
-1911455671
-1790950033
531126360
983486979
-1546450325
736563778
1243623876
-1448081276
1383029901
-1056528571
-163905826
-1187006755
-1719321925
423422532
-565695820
726796234
-1190228979
1459940797
-747400250
1117606517
1796385238
-1601660667
-641774447
-2109061077
218511756
-1155061449
-1949539436
-99300133
1754138092
244742737
1468230311
451202140
-224032799
882815557
-1931080291
124712446
-654172001
-1747307714
-1330710434
248426858
-405252053
1226166771
744321268
-740344501
-290232350
1925181079
-1500344698
534621600
-1820692623
1600038375
400074796
-1820460936
731427466
986584681
320586264
-1137619742
1401010032
1589027567
-308571356
-836449077
1675257636
-1279894086
-1861618826
-1019286544
-2053201456
568026549
551192913
-1294573041
-300297435
1585437409
-1258627771
365441627
-632147580
1739075940
2051300110
-683228425
-736157854
909879521
-2010652553
497421965
-1192839512
525750744
1010180620
-484245350
-2135753687
2008282507
712977754
-1823093655
-201675137
1757984976
1560298383
1154900005
59254734
2023228719
2146635365
551069433
-1467075662
-762519453
-1463367
439490848
965718758
-450329483
286903796
279884871
559824884
823512691
-1553532429
1597159014
1824881312
-431874811
-1662666518
140994485
197349868
1120297521
378201060
-1205728844
49174874
119623264
-103853579
-1738035832
447166010
-313247345
773214951
1735982895
1411506149
-989960291
-1642029621
-650395927
421499866
-1025280437
491169296
-1730250179
1681690378
125366915
-1932637156
1029796250
768241707
628619482
1556712504
2030624447
1508464391
665560978
1586454238
-318932247
-523753760
-1477381866
787293182
375999874
-1741070854
-200736067
-985915447
183360290
-1343244821
-914887489
842537300
-1578983173
-1779453990
678483959
-747126624
-1597343497
1638154799
-1019251679
-256080816
-266640761
-1433821248
1521452115
789104817
448235217
-1274176112
-417725366
84663522
1749992278
-192512791
-975670681
-154191812
-1368357989
1597608635
1204601677
1247134237
960373244
-639411830
1691919963
92129261
-837909826
-1959341990
1465541249
-2001087945
-101734393
1127549605
983577882
837312506
-1248836953
-614171051
-702287656
757174306
1296737378
1859115505
-375854984
11017530
-168331919
2070004487
131045643
903301113
1773593071
-1355886916
-1374010433
44284249
1197554101
47097047
1685920920
420273901
-544487206
1102911222
1816992481
897900229
-1094108951
-298724166
-1712567633
244858189
2114014517
-2011467887
1043864571
-515914360
-1122321393
-768587930
-1228297388
436178450
22797736
349449700
819394227
-672563646
-251830860
-102039366
1623292712
515428581
-2042865413
1781638608
1421225651
-44055869
-644050768
1693179321
448182912
692899949
847293275
-651347128
-574340656
-1559288182
1556961570
1151748867
-308827225
-1786312026
922338872
1150957367
1264365854
501477854
1138755700
-1271232284
-216297764
-416175877
1858203530
-964070800
-1473699980
-1058178479
-698542743
-673918740
1750727542
1579206171
322105634
1939900719
406328025
-2010700707
1388122680
-678857432
-1732491684
1061761974
-949134991
-1089151246
547202659
1772817766
1348802358
-1700333673
1742274675
1957614151
-311566348
2120235446
843153043
-210000425
1824181494
1025060978
327714928
-1424996963
1372942711
-328917872
-395069559
-1482795670
-938426020
550359016
-2053203094
-24554295
593270213
-34663662
-498107958
453648246
576557109
538356476
1031227928
-866948473
-1277715510
-1714855957
20481377
-1238411554
-1503933431
504169995
-1002628037
-116456039
1024567174
572664970
889892576
1131032021
1592921171
-1838618749
-470169584
-1865040218
406533668
1794167028
989674980
524943038
1104423844
14917810
-1725987137
-1486814236
601003363
-1927716452
1367356819
2079513798
-436522515
354943542
2086395179
-1267943122
1082019915
-557121449
1795440293
1333752349
671788047
425224889
1745763489
1536798987
2072862574
859489645
949271501
2112043262
1161297129
1705366799
-423638429
730079588
1560722175
-353147029
-1762901559
-1473397451
1079661170
921433698
2040349096
1121764119
915345338
-1277399138
160134412
-526778036
-933652069
-1503563067
206459732
1491707379
1256520932
-1005427576
-476976735
-976189311
1384889007
427734148
291703608
624877472
1979951272
-1115077410
-1864400150
683518729
347251591
856261966
1016559443
929280094
-1969487856
-193254476
2021359720
482011493
93240779
-75278805
-972021123
1535921191
541427323
1937693827
-1080484099
602237206
-1268360258
766780294
-1590984544
806061475
1983268698
1216535251
-1053673735
-536822862
1799677480
2142353653
2042437103
241050689
1838374027
-1322542586
-482126496
-165120194
-1812530479
243399974
-942284640
-179967925
1013312371
803289527
-199231565
744607744
160301768
843472196
-1252600247
-1324127463
-1441201942
1169862789
-2006048004
-1636536858
210481464
-828265468
-145806103
-985466871
1639321667
451979157
2132894151
238056634
-1108572657
-1126077760
-765323200
-1459375064
586743855
-1529205890
-578350452
76010480
119217765
-1052084144
-2102774820
-1462451537
-387574137
1240690149
-1363461587
-234238180
-517991089
-1850818218
140181162
-1324069204
1761866044
-371678360
-240526541
150772649
-1811275048
-579287345
-1712729184
1527860702
1560272743
-195626670
1962918559
2041493580
893970314
351811864
1777467442
-1692678836
298256141
-1112676384
2077700087
-1846406256
719687916
39982249
331564158
-197319503
1319360671
-1750819866
1400848392
863727499
1585296709
-2046307042
1168568192
1427544427
1714329775
-343602691
775022728
1710290591
1754111776
-933007679
1843311996
442850347
966036260
646628853
-1911455671
-1790950033
531126360
983486979
-1546450325
736563778
1243623876
-1448081276
1383029901
-1056528571
-163905826
-1187006755
-1719321925
423422532
-565695820
726796234
-1190228979
1459940797
-747400250
1117606517
1796385238
-1601660667
-641774447
-2109061077
218511756
-1155061449
-1949539436
-99300133
1754138092
244742737
1468230311
451202140
-224032799
882815557
-1931080291
124712446
-654172001
-1747307714
-1330710434
248426858
-405252053
1226166771
744321268
-740344501
-290232350
1925181079
-1500344698
534621600
-1820692623
1600038375
400074796
-1820460936
731427466
986584681
320586264
-1137619742
1401010032
1589027567
-308571356
-836449077
1675257636
-1279894086
-1861618826
-1019286544
-2053201456
568026549
551192913
-1294573041
-300297435
1585437409
-1258627771
365441627
-632147580
1739075940
2051300110
-683228425
-736157854
909879521
-2010652553
497421965
-1192839512
525750744
1010180620
-484245350
-2135753687
2008282507
712977754
-1823093655
-201675137
1757984976
1560298383
1154900005
59254734
2023228719
2146635365
551069433
-1467075662
-762519453
-1463367
439490848
965718758
-450329483
286903796
279884871
559824884
823512691
-1553532429
1597159014
1824881312
-431874811
-1662666518
140994485
197349868
1120297521
378201060
-1205728844
49174874
119623264
-103853579
-1738035832
447166010
-313247345
773214951
1735982895
1411506149
-989960291
-1642029621
-650395927
421499866
-1025280437
491169296
-1730250179
1681690378
125366915
-1932637156
1029796250
768241707
628619482
1556712504
2030624447
1508464391
665560978
1586454238
-318932247
-523753760
-1477381866
787293182
375999874
-1741070854
-200736067
-985915447
183360290
-1343244821
-914887489
842537300
-1578983173
-1779453990
678483959
-747126624
-1597343497
1638154799
-1019251679
-256080816
-266640761
-1433821248
1521452115
789104817
448235217
-1274176112
-417725366
84663522
1749992278
-192512791
-975670681
-154191812
-1368357989
1597608635
1204601677
1247134237
960373244
-639411830
1691919963
92129261
-837909826
-1959341990
1465541249
-2001087945
-101734393
1127549605
983577882
837312506
-1248836953
-614171051
-702287656
757174306
1296737378
1859115505
-375854984
11017530
-168331919
2070004487
131045643
903301113
1773593071
-1355886916
-1374010433
44284249
1197554101
47097047
1685920920
420273901
-544487206
1102911222
1816992481
897900229
-1094108951
-298724166
-1712567633
244858189
2114014517
-2011467887
1043864571
-515914360
-1122321393
-768587930
-1228297388
436178450
22797736
349449700
819394227
-672563646
-251830860
-102039366
1623292712
515428581
-2042865413
1781638608
1421225651
-44055869
-644050768
1693179321
448182912
692899949
847293275
-651347128
-574340656
-1559288182
1556961570
1151748867
-308827225
-1786312026
922338872
1150957367
1264365854
501477854
1138755700
-1271232284
-216297764
-416175877
1858203530
-964070800
-1473699980
-1058178479
-698542743
-673918740
1750727542
1579206171
322105634
1939900719
406328025
-2010700707
1388122680
-678857432
-1732491684
1061761974
-949134991
-1089151246
547202659
1772817766
1348802358
-1700333673
1742274675
1957614151
-311566348
2120235446
843153043
-210000425
1824181494
1025060978
327714928
-1424996963
1372942711
-328917872
-395069559
-1482795670
-938426020
550359016
-2053203094
-24554295
593270213
-34663662
-498107958
453648246
576557109
538356476
1031227928
-866948473
-1277715510
-1714855957
20481377
-1238411554
-1503933431
504169995
-1002628037
-116456039
1024567174
572664970
889892576
1131032021
1592921171
-1838618749
-470169584
-1865040218
406533668
1794167028
989674980
524943038
1104423844
14917810
-1725987137
-1486814236
601003363
-1927716452
1367356819
2079513798
-436522515
354943542
2086395179
-1267943122
1082019915
-557121449
1795440293
1333752349
671788047
425224889
1745763489
1536798987
2072862574
859489645
949271501
2112043262
1161297129
1705366799
-423638429
730079588
1560722175
-353147029
-1762901559
-1473397451
1079661170
921433698
2040349096
1121764119
915345338
-1277399138
160134412
-526778036
-933652069
-1503563067
206459732
1491707379
1256520932
-1005427576
-476976735
-976189311
1384889007
427734148
291703608
624877472
1979951272
-1115077410
-1864400150
683518729
347251591
856261966
1016559443
929280094
-1969487856
-193254476
2021359720
482011493
93240779
-75278805
-972021123
1535921191
541427323
1937693827
-1080484099
602237206
-1268360258
766780294
-1590984544
806061475
1983268698
1216535251
-1053673735
-536822862
