1285402511
-295567721
138063885
-2077964082
2071189779
-193498472
994523226
-1709660962
-1015084472
-1204301991
1640078104
1846242858
-1771200725
-362148936
1028071313
1909184325
-192032499
-1996834632
-1754554072
1636145737
2069638757
-1803778864
1265310934
-453604348
-917181244
-253809858
-1622066462
-547391805
1196763092
-1471481549
-443510765
-1469922874
-1140304703
1398959329
1975658691
1057190301
-624949504
1008053987
1816415565
-286987617
686561559
1507476518
1785390867
1385024867
1239443594
-874475258
1614267857
1576149302
749052168
-1619590643
677950990
1764758150
1761095550
-837532005
-1082722655
-675994080
-1788667107
-1793269579
-1723018145
-1487469513
874530832
372419973
1845118304
-844877496
1165513536
1896835574
-335675864
197725336
420926488
-1395535140
1649842451
932236830
-2057470113
-1636227921
2091155148
1154606688
-2062142588
1057212006
1191104185
-279602333
1549239681
-1266285992
-1882575389
1525072503
1258436431
688129123
1931010631
-225862784
684357563
1559072920
-2099700471
-1499055228
1307568727
-1436581278
-851530121
-1055406323
-1438247959
395897365
243506970
-594974998
1399826936
977562444
500055927
303500001
-1082140406
-2086165063
126027803
-1931312728
417258904
594892097
-744959777
-1322758129
1467231758
1382901065
-801148836
934024560
-1192999510
-516575734
-1925022673
-650000441
1091592591
395160441
-97026827
-1163046234
1661127035
-2121902707
-449023186
-1311364639
-354974156
1901522941
1065504397
-731243868
1628038416
907278086
-2029591980
-1304284856
-1785665690
1947229319
-864072962
1323666924
2109190513
-1922460126
-458030530
-689096916
366439680
-165304993
-440732326
1579667957
1917388340
993627639
1300468261
487727412
534033942
-1751633834
1953161161
1160481460
-1900380857
1201366812
-1890903645
-963297444
630432623
599303366
663565633
576173429
1872736754
1880021269
-1233550029
226287669
227643037
-475930321
-152241752
996482126
-86404814
-122274528
974797856
-1741638799
255343439
-1679176194
-1388554723
-1844228281
1611730714
897264023
1935518671
-1962239763
-559792144
727347664
-1384816414
-671185592
987686451
101667730
-482147083
570571673
-2116159942
1572997918
1953426965
-1958625379
1083766626
1646129822
-1288987327
514241822
2010547414
1541683501
1641881626
-2054123701
560140553
1980290642
1888874456
-1509667711
-1410009922
-1711412360
-74315869
1518009309
1140474365
-1140701333
907034810
1691243484
1690965052
-1405539828
-366719253
-1833539088
-1103758359
1150319009
461194598
1650599441
1263350098
897189416
-160426761
-812930849
-776008565
2065356491
143704038
-744876311
-313974779
-1290684667
-1512519428
-1051926965
824181018
-1651885304
62761906
726353765
55806687
-889870197
1633993659
614950123
1864282338
1845622587
382218747
-1285977915
794997814
1613589173
-1542916918
428379154
-1122510052
1796105288
624559028
1858956825
-88251813
-140535184
2026682247
-1295840927
-1974049425
-769770775
219358998
995923086
-1218960727
-545693077
1402827330
95756348
1076902752
1129222448
-1266488557
1062916172
367185921
439387759
1860660041
-1630504724
35075383
100419778
-1451608093
1483399976
1303071536
-289250005
-1808472941
-1686478222
-1553100
351536442
793311019
10438019
-1497678305
-1865106514
308512653
-547063386
1850829374
167273232
1117275892
-229804539
1646339575
-1032202091
-862961626
1815244470
2097004580
-1080149020
-1852483091
-1063046616
-816513833
-759897125
1065007124
-139785848
-1010543971
1740821671
-2140751551
-1030802092
2055754913
1574785213
909761848
869261144
1716996004
-1492700763
1908237618
392916153
-503861824
103983517
-474436643
-583194077
225632567
1775516925
-2110835856
1648080276
-1567637128
1549572674
-911685481
-332406268
472603235
1643595753
1212984078
-535645730
566023498
191947789
-556622957
1250502010
-1196543522
-957077720
1078414267
-1637089135
1162900749
1896986279
2019811900
-1771664560
852221710
786966536
806610564
-1989404034
1189237589
-1545845461
-872708384
168959353
879458509
589233843
-1694340368
1587995202
-630979289
-1559990224
-1682875094
-733587765
-1093143052
-851329258
-1230010773
-161356064
-852731434
2058577607
1722397876
-1183193315
1165168658
1018080994
899476267
429933566
-2012341074
2009795899
-1258490721
17276261
-24432643
-1381952325
-891487678
1106944243
1309189913
-1988997992
310961855
1498249828
565518591
-820040867
-981608865
-1190961920
1752583812
93740312
-1476511385
1811791064
1122718719
229633324
-379438226
1125368784
2145895996
2111148817
-983625746
-1110961393
856861083
-1322597232
-974538642
-1048857824
-1344025530
1454689237
-1724173105
2046664911
-1681578627
663312505
-649640765
428524801
-53007667
277906680
-1057435581
-778300764
981970613
-1831777483
1340810510
-1923806825
1237806508
-84889580
-1553280876
-2028500987
-1612886199
1946914319
1913010726
-1567225140
-1858277194
-1957565742
-671232134
-381609644
2028253496
212145121
-1471106754
-1255379910
1531169395
-1770897834
-709090917
-1152324539
1002382319
1926504245
1684461069
-159482688
1948220617
-1637933891
1976011940
-1719881667
-234721254
-1048645742
-1870108951
597711609
-1517470061
1915476374
-328735064
-2090893917
-1196454392
-2036711079
326966480
1770590422
-1193943760
-169708563
-1386271404
902593679
1185847326
2027980793
1888874954
741008255
313337853
145802928
-1249235925
1255373341
-1194827038
286107151
-4551817
-508943035
-2135426072
-188377726
1526635220
101374934
895540328
1057793004
1863407301
1286018819
1329701276
1616718855
465148978
-2093345562
-1690245666
-119512538
292330931
729658218
713161987
-585028133
-1771863467
-366174512
722697469
820235358
-327607239
1148651432
-192157335
-519712228
18725772
-2059298662
-1936394565
1548207753
-236285219
-1313199781
686312472
-362184953
1118654677
1726572004
-188244733
-1675933752
1032226344
-1041270377
1098196866
-802184908
1857174499
1110573092
-730323790
116130097
343122059
-832078000
1677780814
-1950491825
-1991715816
699246398
707734581
-1480375363
-1910961494
247351628
1318557838
-1664509711
655599212
1931677087
371284038
2057271037
1194750424
1342112738
1642166239
1766038977
-1828431383
-1142065441
-2069722168
784343396
1703935783
1360041097
77025639
1342438316
-381155967
479905113
-1880847509
-205296754
-816804215
1599277502
-618323460
-579771726
1816106178
-1080826438
37436957
778982798
-1359776013
-154899650
1937050113
-1660547087
-249471164
1590005982
-1269956306
-550449205
-813594377
1083401903
-431020403
2135678798
-552663289
-235218615
-1310311160
593576877
1793306215
-692125590
732821612
92661316
303128122
698089181
1271011078
-609786927
842599364
-1951313456
-130810759
-225395789
1977699289
-845252544
-2106497597
357127975
1454324230
-1383313380
745080497
-18852993
252689481
-2104263467
-1521525238
-2142288568
-2142880167
1363248762
-2079327716
1006963632
1220284298
-1767369997
-584097890
954435336
-7732366
621111017
734652093
1302857928
262411415
2000574561
1640697106
82269283
2109192423
1541021120
734155736
1187638801
1796628945
-1623309968
1307229725
-891337390
-391980383
-814858321
-338582551
303099791
-2009774885
-346275619
1052825561
1514677547
20663944
-665427909
1545036998
329874853
-1661299078
-310276014
320652656
1985918982
-663698395
1335013635
-1722272394
736460783
-1552129564
737798577
-1964165882
716876066
944933095
380231782
-1658525518
831758787
-588690022
-376312413
-2044557168
-1951866117
1596647426
920060
-20305188
2035636654
1035436984
292322674
1617241880
819979487
-2051760369
1302277352
2004756978
1958230506
133400687
-2048393399
-611001034
-601850963
531484119
-2015735473
516413078
-902439865
-1501928332
1424964293
-1966054651
960968680
-1816580506
-2078510475
1930025287
1097179996
-97649599
-222234752
-755751895
-911567464
-2086967903
101698627
-1555804245
1884742657
-413026284
-590816267
53716595
224856982
98151939
1183470831
1018132966
-207407063
-875055382
-1679266350
1083681201
1911794502
-692773874
1806170974
-976997168
-509167428
-1534495150
439286482
-1813491492
1327772185
1041826619
2042476022
-2104723809
-1591219108
956655466
-1449295350
-461421279
1633081481
595963338
1553391812
1864919702
-1549750234
1152532447
1777777448
1732787712
-176481158
1107114744
-1939321704
-1835125787
1916215717
1817050966
2051440725
-897972890
-1361601195
-436251978
-484824612
-2051530937
376136061
-2131311574
-1294528050
-789197143
1953037061
-930964738
-1164772834
154326140
951248513
1733404917
-870198446
-338275542
1168521907
1675395064
-663429015
366084669
-979757272
1944568178
1901350635
958600462
-783749902
1282768689
-1668309204
-11732497
-309114726
1798139402
-919796336
41545953
1316461968
2082398954
-198011449
-1894044737
-1664124708
-1599206564
742692100
1548885492
-1453149734
1261196158
1584678688
-1134489577
-788160374
-754827934
-1163478325
-776975446
-370893136
1065363769
1479748402
-1294640343
891751598
813040759
-2119833705
-1462790575
987123279
790489120
-1777106675
1269827326
-2060959441
650651982
-557909491
423933577
1451417634
18226647
843427684
-114709235
2021067675
-1060384084
-1514533078
-1444741587
-1832406855
456896417
1091867575
-1924439452
-1901978045
-1527300078
1807737125
1501717324
-1472775272
-1122170282
-1751757627
1188210488
-631756908
-1705112495
-1697420734
-1672404444
-2139983368
-871862489
953345000
-231633941
-1521657429
1485511835
-865538034
330117995
-365770976
853794155
-769801846
-375627342
489465138
405711095
1966582039
1305917721
-1147173024
2144329075
169032971
1750714456
1730787066
157759973
-702109941
-1249268104
-1073201139
-1445636560
1178199724
1834708277
1140045596
-1209381921
-1372208056
-961491240
-2136339629
-1239954273
-56741256
-1669005748
-401838348
718701835
2019191269
1492555989
-731697135
894855604
-1301518321
142005795
-690348407
754443125
904518224
1553976211
2021385659
-1870672549
2028298834
-1330619580
-167510787
1321487022
1387479916
759560037
-1112061958
-749200793
604192675
2037353881
1315530614
1600830399
576230311
-277198926
528634844
375459119
-1197224784
1770355345
737200325
1478923122
1325407619
-88261213
-1220271060
-1768991041
-495900366
-1107724036
-1211151526
-23655871
-1109032160
621106783
-1443375378
312330910
151543451
-223664256
1825539733
-804292127
-501327783
-1374114903
-300179001
-289664724
1312971520
-1578032616
1039274971
1072316064
-1301557301
-381728448
368719707
1215483426
-1750655023
-1235395342
1604037323
-1140037481
-1289406021
-1918106148
2136619987
148745197
-631697835
-1055085894
451831648
-755376007
1044865354
-1655377596
2052723653
-1240065938
-188460164
784113608
936314812
-100103657
1963312348
1569484909
-645035073
338124846
-1062450000
2047673641
726628596
-1947607320
-35245648
-1664212118
1860237142
-1306362854
1743768199
1377542720
-1823404726
865624742
1652324459
-1284094879
255290870
1033949101
1372382375
1768975148
-925094715
-512509675
-752257008
300490891
297877957
-635875411
195448199
-1946531388
1525927664
-1980157022
782696146
-83885449
-2134603124
1840836595
1224002245
972806023
50311467
1821448558
886209908
970311251
1785126576
879910258
426919146
668333131
666038559
1168314113
963833948
848073852
-134192712
1981041301
-1076467406
2069401988
1660524123
-140774042
1776857500
-1480124442
-2019544981
537177810
-1591038135
-2141846090
-1837105864
948891357
1195619159
-1941925890
-79407903
-596796260
996790393
-846649298
-736070718
880786107
1835609615
732677546
-1832693894
-1499674653
-1881403488
1917639875
-793942434
400632787
-1092004492
664319434
439511249
-428944350
1028556387
418467866
-1572271100
495812716
-545388962
312819047
118854610
809318317
1552319970
-35829884
725869029
-184102735
737702316
1538204734
-974295039
-420915794
795378299
1617705494
1020483998
-569322640
-1278224790
-1849746387
-748892390
-327798567
586171332
1554519821
2021542065
1933290876
237561312
1976337516
847830510
1354561019
-1843353116
-1549697883
-1939415093
-1247465537
-33402915
-1308636152
-2026818988
556543996
-1068428840
727619353
1044730982
-2052681107
1789329825
-1545522297
-1636382901
-66921569
-426006748
1615421020
-1669744506
-322779043
-526838279
1688774307
1869625742
-923264799
2019020096
578435647
-804541811
101176557
-825013718
-1155849349
-1428017038
-1577372219
-1096361381
-2027398723
2086405887
615335468
-571262867
-216335014
-531459197
2038025703
-1451237617
-1772064501
1811981004
-1263692756
-1185821224
1613633369
-1432104959
355695365
-2067152519
-79245000
451806435
-84314457
1938042349
1910856651
1572789891
-738412995
-1822600052
1030854989
-16790067
925078801
-1428393208
532782559
295662978
-1391926678
1251561545
1481984912
-2121028024
99687642
-79038545
663695370
1112353592
1642354982
360666470
-1148229452
1820719575
-869539626
1296168458
672391292
1548418226
-713281115
1197961244
-1979718604
1538165478
2039285603
861148569
9837173
554810993
-215527387
-664568093
-1709064081
-1184455016
-171445333
190355733
-841397173
578375101
-1094686397
-621688593
2052570598
-1909212769
-2038022326
913142510
1822465763
680320794
1571907871
270643232
-1505219982
914485872
-1296531443
1979273018
-1276447063
-1963907141
-2080629319
-2051133782
2076584501
455365360
873385615
827347503
581525039
-811463783
-104420199
984351277
-2069018601
-1139582386
-1414623924
-1150369332
1567493642
-128626233
823872001
-54373844
169412738
1031718415
1902712270
2044121688
-1552947671
-661128746
-1930655670
115619491
67286082
1643596806
-623213277
-1526857992
-962367974
-317906723
1088520728
1286170332
-1516584471
-426559915
1156537366
503699519
1439984149
-1816535369
-1559300437
1770202720
297303738
296034400
1671193656
212605348
1806373262
447857681
1467021723
-1409999142
-1807934835
1314477404
1781365106
1066545771
1561434340
-1114281274
-1828890848
1122941362
675818218
-727201652
923393599
1641739044
292400555
2103724790
417469863
-614062206
1271414191
1733643850
-668646448
1549271377
-982051409
-429364030
-1764338409
1732542214
-1780142082
-491382925
-866112618
-958175529
-1689460258
1704270391
-2110504589
1449596699
2072315123
439651594
1045663940
860088382
1828303420
1583854606
-157255338
1915084702
562756157
-1645267416
741125627
-907400183
-1218504952
1945150088
151497168
-1604843417
-2048579568
-727043494
504441268
500259901
-1383294051
-1347594060
-103286490
-330223594
1137886337
1786566192
-414826474
-1008067158
-1408470144
1474336419
196369113
-899798896
441006624
-1008652132
1535144893
1849909149
-566217733
688540081
1710760080
-1143134702
2142115700
1239213928
-2092275432
1621102023
548196722
876541157
1680256876
-1580314220
-1243047397
-1791146993
-1661994248
1456644152
-3196771
1950590546
-348900782
1898776141
1165661875
-1345062515
-812721704
-1390430487
-1174012390
1778485172
-1068599966
781419715
2068272725
303598573
-284187727
85909412
725016833
-815384474
-2133576109
-833750480
1923419487
527477172
709729320
-602592857
-1756330744
1372410041
1074288137
1122876210
-350376228
-343547619
-912816999
-448321006
-1080098348
-2143222363
-518844853
1507579140
-874068186
-410145712
747356009
899870823
978812196
-2047937817
-1442469825
855947419
-1842027672
-1119072120
-1869877295
1204894800
-2075661996
1490385000
-1208665371
203551408
-1613135510
-1523993819
1201257326
2040932281
-1092828948
-1346957310
1444548431
1180004071
-1713297675
773923048
-2011832224
-1878869347
1038710245
-1336017198
1558408940
-873661460
-1085195946
1495597077
-1481085433
471399703
-1264986360
1933269733
1583540251
1200593556
1228611895
734595353
441422497
1797170403
1083952409
-1358768740
1827844016
1535121610
-448534490
1333082839
-1047065489
1749076488
179424877
-590060324
132160954
1107737758
1261313375
-267914629
810013524
441685563
779729095
-2001135908
1086391611
213989922
452725267
592211167
1728240240
1334941911
-633277448
-73436013
-9375610
857782299
-1613347296
1462272642
-145429801
-1984920659
-311204562
1173066188
1965740758
2021762509
-1205556531
1365663365
772079343
-522621947
1823328220
1915254593
-1516695281
1456447664
-599147139
-1863588645
1719717588
-1889353097
-569779490
-1580778734
820318
1546645199
1978215494
-704283855
1893255917
-1298972073
1409823700
-631359959
834154458
586593709
425019932
2064331168
-1380128779
-2118245279
786417894
-2000971827
966694574
-288148232
1735856717
99438602
-1340119811
801981093
-421723935
649572251
1556449263
967320572
1653041606
-667822043
1600273678
1102600383
252602063
1108799589
-937165123
615601613
-1541659362
773080688
732842751
-1011417892
1586186809
-1971543658
1192510877
362214560
1542416637
1039913368
268076176
-1614977946
-1329413104
-196523013
495325999
-1464358740
-1445038242
-949606342
743657769
-330791152
-2038054577
1768893234
16957839
-639311199
1450442332
737199979
46103523
948590749
904407988
493658210
-183727959
-2015447625
631365353
1646317897
-890501118
1942840086
-1206791384
722877632
498396938
-319460695
1692854438
-1167200138
777154977
-530010081
550714295
1838599596
-2109886949
-1669737553
-1729966189
87704920
-210342867
762956307
-227079484
-835009800
938166585
710352956
-933278117
-993091653
-514742430
-15187968
-41074080
-1913885955
1854453827
-726881525
-1039082909
2147209484
699990142
2055496808
462149161
-813844146
267160655
-1233745569
-1857069503
1629160769
-1129393103
-1854517519
1126878903
-1454748818
1580977951
1448153168
1515743247
500981275
-218170359
2024439903
-1998369465
-1494260270
737825662
395183320
39972196
-655138196
-954440252
-2088155015
1298967881
1010964304
1550013731
-1295462906
-178902964
820501038
-1773874666
475873640
1926277139
580725892
-2117136386
-109037541
524680846
99453685
-1942354922
-1250161046
1417605206
-701389452
1752136776
2094226242
-1833361447
594632290
-129605489
45183940
-1286628402
-2120622882
-381498000
-990623535
-789410327
-1585155354
481742431
477759068
-1836600126
-882927178
-2146964552
1823301213
-2093717519
-1109977006
-1165173599
700290954
-2090360006
1056742772
-1195019977
27146082
-330681709
-717406505
1508039480
-1728626626
-1005953546
-131769707
1106759138
524981518
-895193835
2070376551
-1143910282
-2140722111
70533830
1947688682
-2030421213
-1319653413
868564035
1947924382
589588670
269378196
-1170400966
-2044042980
1945045257
415157651
-160611447
2126806092
-217880681
971779869
-855244081
-1708807270
195975671
-1181085639
693450229
823735409
1053543256
1352228796
1584655455
232107055
-1581510141
-1101424708
567498946
-1906292507
650454606
-1170990914
-509805671
-1624294355
-1497349520
2092106882
1566255644
-1221440398
-1059172376
-2055235467
591177788
153090908
66072775
-1833164251
-349110823
658226228
-484849250
-2040043756
640451240
609303432
775833379
404585818
1037306091
123952061
1967884953
-302891668
1780441884
821594990
-252335442
378905013
-1145385262
-1858324878
163173578
16119259
-860540400
-1425586492
1883855155
-1546145441
-781966978
-1664012285
935417401
-1106424697
-1045847121
1594136173
570560902
402477854
-1439929952
-272663397
1647387129
1263332671
1658341127
-891546197
-434999384
2045598323
2000557465
-1560337792
1024643330
1704542679
953948576
-2061560993
531220490
-1676539298
-31904677
285992326
766190553
905365181
1402479486
-2083672316
-929802043
-1275585508
2088338456
26535390
-1899633221
-898114677
-1960065321
77672381
481142671
342313760
-821273935
-1414087459
-1187143200
-1830617087
-1132032416
-1667575491
1381798650
40642510
-805407176
-1047766451
1946475159
-774931292
1547171612
1290666594
-1843845876
-137140371
2027509968
-201481106
-1373478430
-12855760
2134957872
-151387334
2132065092
119784970
-1954989222
-663743697
1653434660
-1194653655
-797497110
1478954821
-1471933752
-827797775
1370587279
-132810357
-1386161062
1106162840
1773031776
348978930
-548630468
-8296072
1716910348
-1588020801
469150784
1939411717
-1713212804
-1720891848
-759730868
-559880100
1908595298
-1151112702
-1057660749
-338932193
849813782
-580560516
784760165
-1947303497
-862375619
-1638447404
-1555094043
1486094921
-868759864
552580789
-954738976
-1799183674
1447174752
-1536311796
-1510177917
-1766062104
627406182
1040558182
-1531887448
-1294533954
771266991
-1438508659
-920058900
-355436519
-610702589
-1742480603
334367627
-210221779
-377707470
1371543403
1132339093
-1414857499
-2014065002
1600307585
1523725983
1250442408
-798264069
1233905980
-977726446
-280859177
1436619946
-367188445
1239213779
1384201240
-1521328708
-563605541
1718717272
-831347206
-678858550
1077790783
1474358524
-1777072228
1877041092
-747314094
-2041001398
1691922135
-1220879403
-613683363
882012200
-869881711
-1785775160
-1604653244
-589397777
-569317498
-1736908604
-2019808085
1186964452
1027899792
-1635187525
238787595
1609594628
79009434
-1749570707
2030019056
-61679887
912100451
697491437
-1077453777
2017408430
1813410505
-190778217
-1652339029
-1739448684
1699630944
916638957
-117660885
524807889
2010216343
93666570
-1683758407
-372692226
-1052411598
308917047
885661912
-1549570451
-2107369026
-1829534650
-1346675122
135623294
-691480649
-775503153
-651815150
1166110581
-1148215567
-1735832135
-1802008843
648460673
366322364
289578950
1058080564
268460709
1036662656
-1357500985
-40765807
1272356160
156024119
-385691644
-2084414877
-1560347691
-50201140
840322991
-1687373813
-1306628663
1529846042
1239732172
-2009879589
-1458776773
-1445456486
920359136
2144568891
-975704171
-1921067899
-1803096978
-1593572415
2099143778
402549214
-1263485013
-117362657
-930903421
937059217
8321055
-1551840404
951988716
-1417793574
-638160786
-261541711
-437849592
-468310096
1491334966
-1156886113
-1949424605
631501274
-529352427
215774318
1093546252
858022969
1480535955
991866817
1088550736
-969388890
927524556
-585471000
-273936768
575085734
-656781652
258212544
-1730426870
-2135560600
543768887
1085191980
-912540894
899740038
-1394558396
-1207045787
1074932476
2029693117
-1784753541
71298177
699447409
1193726850
-1158459379
45246078
-2016598814
89417862
1003823642
799822315
541446
-1051406242
1920204533
-1269184856
-1490295224
1779949530
-392650889
545588309
-323173151
-1714616591
1543909449
-326981020
1297731417
1868273381
1754688927
725396433
1162399332
-1684350608
253050142
1188636871
-1358073921
588202753
1059440484
1592294358
1876721358
-308321665
1227108481
238983536
226493547
2124951861
-1148750726
1820950381
-1745827480
-205878114
-919831168
-448206233
-1268969745
-1005621601
